3.294831254390557305e-10
3.083242198989546845e-09
9.333066585132225543e-09
2.275148500085939644e-08
4.585594722274990224e-08
7.283413559301341992e-08
9.287091576114728152e-08
9.800097799718860978e-08
1.005423712583967415e-07
1.421048222025055438e-07
2.814432039652324605e-07
5.866839772714135335e-07
1.121743804278298676e-06
1.883334995029280901e-06
2.787113492698940449e-06
3.669525147057931159e-06
4.358567049195894455e-06
4.719948022202512277e-06
4.784716323097186160e-06
4.793359383280387673e-06
5.136182794321438947e-06
6.288241270785776570e-06
8.615983064400374415e-06
1.222134681673527350e-05
1.683535068673836353e-05
2.173087153436152895e-05
2.587458640924377495e-05
2.840419891838613816e-05
2.900137230882641678e-05
2.829716060188246392e-05
2.791945386981022973e-05
3.023521851469135828e-05
3.822268031101294205e-05
5.495723573297922772e-05
8.256466308597679648e-05
1.220091441705306064e-04
1.724051438380384176e-04
2.306118473982389050e-04
2.918497563349692673e-04
3.505396870167769904e-04
4.004041692805181346e-04
4.365969893353026246e-04
4.572044826829883141e-04
4.640141737353825320e-04
4.635019349618609225e-04
4.672228509788286296e-04
4.921306679003652424e-04
5.607301363995234643e-04
6.997445963689647103e-04
9.375571054856521097e-04
1.302084848047878676e-03
1.817525689196253626e-03
2.503321063317212342e-03
3.372165058259036369e-03
4.427686814023667171e-03
5.664268998998983444e-03
7.073030020151421446e-03
8.639568324286379247e-03
1.034277491112788050e-02
1.215529976616596189e-02
1.404218750063341778e-02
1.596378541168418097e-02
1.788080057860737260e-02
1.975218524709937418e-02
2.153773162548759668e-02
2.320041500733373285e-02
2.470966448828298273e-02
2.604191358609411755e-02
2.717926813909377765e-02
2.811108129496994040e-02
2.883365424660071924e-02
2.934984018615181822e-02
2.966174008312092228e-02
2.977222414395869210e-02
2.968794518404208049e-02
2.941506335593517887e-02
2.895861349795655557e-02
2.832583098547463915e-02
2.752129059804955813e-02
2.654969719326521344e-02
2.541883122757060409e-02
2.413889386847035620e-02
2.272289092535592636e-02
2.118972162106968343e-02
1.956320135559125664e-02
1.786913983351380575e-02
1.613584979434827538e-02
1.439132348455283983e-02
1.266491789444429937e-02
1.098614377495508651e-02
9.382681652468416456e-03
7.885861571912055126e-03
6.534480333209542920e-03
5.370900791315554382e-03
4.441589819534080483e-03
3.794764706387367820e-03
3.476070248511866408e-03
3.517425621696575536e-03
3.937301999178299816e-03
4.730809127137294498e-03
5.865579366201471162e-03
7.281232911632655111e-03
8.896653438751823961e-03
1.061086775942981543e-02
1.232102014407379306e-02
1.392659961814634445e-02
1.534208458127250992e-02
1.649447679414046963e-02
1.733983139783370001e-02
1.785302493692966785e-02
1.803532873423362159e-02
1.790304527886329294e-02
1.748255742402934215e-02
1.680812525449367281e-02
1.591389000469568826e-02
1.483620329783633986e-02
1.361474373326182832e-02
1.229740951230961360e-02
1.093424943086115063e-02
9.582638773975684851e-03
8.293988006688941469e-03
7.119943420088481467e-03
6.100482430117659324e-03
5.269822578345986080e-03
4.640138855614211674e-03
4.207560227847913226e-03
3.945441442110500171e-03
3.817268290699839597e-03
3.776318084082803950e-03
3.773807639519492600e-03
3.765077564960611634e-03
3.712349883559532601e-03
3.590883767096253280e-03
3.389456535374691520e-03
3.109817073220865966e-03
2.768461261643150560e-03
2.391989905995572149e-03
2.007624326959853676e-03
1.646090239160033801e-03
1.332727347199394365e-03
1.085296447399608380e-03
9.127886515494906729e-04
8.138111087969682926e-04
7.761051244859465317e-04
7.800063506227452193e-04
8.071348895833858374e-04
8.402171444497955315e-04
8.695695999597650777e-04
8.925927753212336418e-04
9.138536893757460023e-04
9.421187366675610802e-04
9.893781704013050043e-04
1.066225796825358589e-03
1.179086957700978613e-03
1.325776358973978879e-03
1.497718006489474635e-03
1.676591553331923095e-03
1.847102608552947823e-03
1.992134416306733449e-03
2.098870863936549112e-03
2.161061120773204516e-03
2.178860500951740071e-03
2.159913024254227383e-03
2.114560590377663127e-03
2.056717952979701235e-03
2.000223838332435347e-03
1.959159607498213440e-03
1.939681305693456400e-03
1.942397935489324464e-03
1.960523343315459001e-03
1.980388214394817031e-03
1.989363566316664639e-03
1.978244849224520228e-03
1.934844886938809089e-03
1.861482186248110057e-03
1.769809748744026207e-03
1.685721732755195114e-03
1.647730045641058669e-03
1.704639234371623869e-03
1.915793965139639052e-03
2.338341555120050045e-03
3.027779566168951973e-03
4.017153176598696473e-03
5.319075963754494110e-03
6.923357849099767702e-03
8.790070141403049514e-03
1.085325643045913571e-02
1.301135877734158584e-02
1.514641055669600778e-02
1.714067364262135407e-02
1.887431930203772174e-02
2.025269020049169297e-02
2.121898507467709014e-02
2.175587731991563550e-02
2.189332793592408191e-02
2.170617299810971568e-02
2.130374074038339505e-02
2.081027717401936344e-02
2.035652676410346779e-02
2.004700475134962162e-02
1.993550312421440984e-02
2.001802461565892199e-02
2.022754410963037430e-02
2.044300530056823023e-02
2.052276001537501476e-02
2.032817743437126054e-02
1.978979496652915129e-02
1.895943448637628370e-02
1.807410075764434576e-02
1.760748491121925247e-02
1.828800386355176194e-02
2.109042092280424829e-02
2.719925018995952848e-02
3.792210215380427407e-02
5.457793634667024163e-02
7.836554057889519309e-02
1.101954611420331992e-01
1.505035393369938412e-01
1.991195072114395337e-01
2.551798947410128804e-01
3.171023710805043194e-01
3.826687144769415627e-01
4.490950264529660618e-01
5.132509863541518946e-01
5.718537696629281131e-01
6.218062673216762093e-01
6.605055628514853172e-01
6.861197557384965950e-01
6.977714705970363696e-01
6.956615373306365147e-01
6.810626124345324772e-01
6.562150682015421843e-01
6.241486971337623091e-01
5.884015227342240806e-01
5.526335934668964445e-01
5.202829821082638473e-01
4.942266633914685903e-01
4.765064226263996394e-01
4.681275747469629822e-01
4.691000198949600852e-01
4.784502748142709372e-01
4.944141053464143898e-01
5.146310010806662838e-01
5.364784576846937103e-01
5.573189158442478641e-01
5.748519140919583492e-01
5.873112721470867825e-01
5.936044481499391789e-01
5.933368763173447746e-01
5.867583247126439971e-01
5.747189672602046606e-01
5.584824060780109178e-01
5.395455448900489115e-01
5.194252112039755565e-01
4.995865562236238566e-01
4.811653717951296372e-01
4.650112348217960712e-01
4.516402628185458568e-01
4.412606031344481483e-01
4.337098289488217073e-01
4.287145823051718430e-01
4.257939988910116602e-01
4.244218229366167328e-01
4.240343828374871782e-01
4.240627839881095928e-01
4.239974953114378775e-01
4.233812227891318170e-01
4.218381141276008606e-01
4.190670020318394418e-01
4.148479726880471841e-01
4.091262372758208699e-01
4.020026128825590073e-01
3.936801547243464761e-01
3.845316043840893983e-01
3.750183643965514513e-01
3.657528747757774479e-01
3.572781500187922066e-01
3.501684070944838245e-01
3.448649221468432780e-01
3.416364305727084272e-01
3.405555127763663092e-01
3.414798975615790932e-01
3.440628570322959989e-01
3.477869924442729133e-01
3.520642021086319851e-01
3.563119182307576960e-01
3.599856163477949123e-01
3.626657379005057136e-01
3.641790011047568720e-01
3.644292845368919398e-01
3.635387023523043437e-01
3.617943490580779464e-01
3.595729206799618272e-01
3.572903768524680612e-01
3.553778563743685837e-01
3.542182227073692458e-01
3.541208976559048205e-01
3.553186816945451687e-01
3.579415509477996693e-01
3.620536293556387286e-01
3.675995986538325155e-01
3.744832533134991870e-01
3.825153523364757113e-01
3.914571042483372398e-01
4.010260445566085075e-01
4.109634732019524783e-01
4.209305231230252575e-01
4.304631248634103180e-01
4.391546762054689967e-01
4.465362092300916297e-01
4.521016047889712675e-01
4.554298748512542461e-01
4.561934666742704647e-01
4.542053532509219282e-01
4.494538307496975804e-01
4.420818189372017204e-01
4.324710628545205826e-01
4.211328290487036385e-01
4.086779440226203097e-01
3.957649392774006403e-01
3.829658379474880081e-01
3.707904484282504853e-01
3.596661857063824241e-01
3.499614654218321519e-01
3.418832184990259204e-01
3.355380788141970605e-01
3.310088831417186128e-01
3.283398728414122503e-01
3.275889064708256138e-01
3.288147134172850761e-01
3.320676726913565080e-01
3.374115990676166410e-01
3.448244627886486446e-01
3.541714909426708080e-01
3.652439854570757594e-01
3.776683465492660097e-01
3.909963891667344593e-01
4.046591577183806243e-01
4.180082063016898886e-01
4.304027146302771278e-01
4.412191165600817810e-01
4.499891189829962612e-01
4.563470301466865386e-01
4.601142257834506255e-01
4.612587547050951975e-01
4.599176672396239618e-01
4.564041036961911657e-01
4.511286897309600419e-01
4.445758806347056558e-01
4.372892058490590594e-01
4.297140050697442204e-01
4.222842571533418354e-01
4.154042772668858352e-01
4.093377213722091956e-01
4.042326042546371401e-01
4.001461778284580717e-01
3.970461258796921244e-01
3.947859141292164864e-01
3.932784651910171680e-01
3.923873036772755896e-01
3.920330858337749413e-01
3.921752835668972370e-01
3.928069539056279758e-01
3.939529196508415043e-01
3.956592130216693981e-01
3.979594272131465882e-01
4.008924095765684648e-01
4.044346405428668190e-01
4.084476438748932958e-01
4.127761301427701479e-01
4.172517272242259323e-01
4.216336711681468175e-01
4.256919791146257515e-01
4.292614975104736552e-01
4.321302309388609930e-01
4.341196265666472653e-01
4.350663641792303360e-01
4.348234801100231972e-01
4.332498582057630054e-01
4.302297341937631470e-01
4.256533454618049994e-01
4.194500065846823444e-01
4.115934645607385312e-01
4.021939266618687614e-01
3.914795990281269011e-01
3.797894734833204833e-01
3.676273790832244037e-01
3.555981319681013053e-01
3.444070602441653972e-01
3.347303826569119622e-01
3.272185929317680264e-01
3.224142628377654196e-01
3.206780284701966632e-01
3.221555225647263487e-01
3.267584229705066123e-01
3.341714965813677440e-01
3.438582438788334583e-01
3.551218408118725911e-01
3.672475658667765930e-01
3.794976000981643005e-01
3.912044579231153119e-01
4.017911712895735898e-01
4.107802428600080269e-01
4.179720708494464310e-01
4.233205802071154933e-01
4.269364939111189861e-01
4.290554796230332535e-01
4.299879256213018364e-01
4.301016689868589760e-01
4.297524387244415212e-01
4.292374989766475912e-01
4.287981122399167067e-01
4.286681092449241559e-01
4.290222756795629699e-01
4.299523640998422769e-01
4.314746516714137448e-01
4.335718628364112481e-01
4.362074237431067258e-01
4.393435911859557841e-01
4.427990484974951846e-01
4.463596407257461873e-01
4.497103743767032480e-01
4.525226022643953350e-01
4.544387156888169965e-01
4.551027882514793732e-01
4.542174518253605520e-01
4.516140872044355214e-01
4.472487841616234472e-01
4.412078937079235708e-01
4.337502873372077739e-01
4.252868319221129179e-01
4.163810605524639330e-01
4.076069341895633968e-01
3.995157017738458771e-01
3.925764531876108632e-01
3.871011246031623720e-01
3.831705263891133084e-01
3.806894122325045760e-01
3.793669704697152367e-01
3.788374412631728139e-01
3.787264378910311091e-01
3.787553659315013865e-01
3.788227415067044745e-01
3.790713408284586139e-01
3.798867802234505708e-01
3.818172264766143131e-01
3.855294173762270904e-01
3.916117859543608581e-01
4.005495182630518514e-01
4.125027658176604328e-01
4.272118547821667778e-01
4.439913877220450500e-01
4.617804202965589688e-01
4.791939028227023556e-01
4.946698741641760710e-01
5.067247511178529784e-01
5.141005353620227147e-01
5.160625954871344012e-01
5.125589313045072482e-01
5.043695948799880036e-01
4.931701128531648104e-01
4.814932216050271663e-01
4.725356023615660539e-01
4.699718584244151343e-01
4.775149970728020943e-01
4.987186228301040969e-01
5.364147311147043906e-01
5.924446711424247169e-01
6.673460880892837510e-01
7.602881162379746538e-01
8.688980384893405517e-01
9.894417024088687507e-01
1.117081457991943472e+00
1.246062657670738760e+00
1.370108902686652197e+00
1.483007449932053579e+00
1.578986842754466213e+00
1.653056203533375346e+00
1.701427396263284875e+00
1.721633602131241947e+00
1.712673273536078344e+00
1.674933791990930398e+00
1.610290459148661313e+00
1.521858141919103069e+00
1.413772282271494873e+00
1.290851396866917966e+00
1.158372904492084299e+00
1.021704125954460363e+00
8.860637377023811156e-01
7.563861932256643605e-01
6.371623973078075487e-01
5.321456641593227399e-01
4.443038543452315636e-01
3.758502400712532276e-01
3.280593641243689795e-01
3.014096327210336046e-01
2.956116169734915866e-01
3.096916622949644204e-01
3.419480659107180798e-01
3.901134168489632237e-01
4.514227622547762331e-01
5.228247593688200023e-01
6.011414033565347648e-01
6.831068258679275917e-01
7.656077224288879712e-01
8.457405391704091446e-01
9.209374234544569493e-01
9.890701737499827395e-01
1.048431456679652873e+00
1.097832207035359220e+00
1.136635833224909575e+00
1.164666780337869856e+00
1.182325469361128034e+00
1.190337369228834818e+00
1.189850335752913102e+00
1.182225092265351885e+00
1.169055966904216426e+00
1.151934034284652242e+00
1.132447344449994286e+00
1.112081560155236293e+00
1.092043732570126879e+00
1.073321890359238528e+00
1.056621351854490909e+00
1.042276533301899955e+00
1.030366090861598583e+00
1.020728395065243044e+00
1.012922191375738912e+00
1.006371302909885967e+00
1.000428943330788911e+00
9.943707600048763418e-01
9.875117206445949147e-01
9.792947673447216506e-01
9.692439116588915660e-01
9.570777341220815249e-01
9.426177091930874052e-01
9.258100774616826456e-01
9.068060049410540113e-01
8.859249521050633902e-01
8.635838373600803752e-01
8.403544340370487920e-01
8.168968201602704315e-01
7.938957136731600306e-01
7.721524091612231855e-01
7.524919776840168772e-01
7.356122438813459397e-01
7.223063149484577616e-01
7.132005149080218320e-01
7.087465419705583081e-01
7.092521488594740742e-01
7.148350960859166658e-01
7.253938080301772784e-01
7.407079646195968703e-01
7.603537187243132323e-01
7.836994398554106844e-01
8.099754586081918672e-01
8.383503452289808866e-01
8.679595597986499156e-01
8.979682304903626733e-01
9.275087547397136145e-01
9.558167292241284141e-01
9.822071602982394012e-01
1.006043766949972884e+00
1.026867773120503813e+00
1.044384777538572173e+00
1.058459658132721692e+00
1.069136534605791944e+00
1.076564275951253258e+00
1.081056956922893608e+00
1.083093898436101821e+00
1.083240579978794749e+00
1.082168494584339946e+00
1.080520031891404553e+00
1.078933339687597748e+00
1.077889917207029535e+00
1.077864084367924136e+00
1.079129227761184806e+00
1.081798824311715590e+00
1.085867322423228476e+00
1.091100832632029949e+00
1.097115976051292519e+00
1.103320668537169480e+00
1.109108927313351201e+00
1.113912165190728665e+00
1.117131733058834175e+00
1.118226237205448337e+00
1.116709117820672725e+00
1.112267088501728063e+00
1.104775966698689604e+00
1.094261965896535571e+00
1.081021564765106246e+00
1.065489599705636614e+00
1.048302904105262279e+00
1.030245250708272220e+00
1.012206645753795931e+00
9.952022677691747532e-01
9.802582075250928506e-01
9.684609867016702456e-01
9.607447270138564921e-01
9.578919160337513450e-01
9.604422034019901577e-01
9.684898849261422971e-01
9.817787555554540191e-01
9.994890555773184859e-01
1.020269745563413544e+00
1.042323020384269938e+00
1.063462969983854922e+00
1.081211588732185369e+00
1.093045556834913334e+00
1.096586131071534798e+00
1.089827761763418668e+00
1.071289627511956777e+00
1.040280014897172922e+00
9.969882508182845715e-01
9.424655500489689253e-01
8.786137601989953971e-01
8.080852062322263496e-01
7.341431461498089117e-01
6.603378175383611826e-01
5.903047212908731911e-01
5.274599170232376899e-01
4.747480474726494815e-01
4.343823320873446692e-01
4.077283535666249015e-01
3.951233217865099956e-01
3.959476869973048707e-01
4.085848048815291511e-01
4.307427429757862414e-01
4.595005926903291127e-01
4.915026334270101160e-01
5.232850501568346857e-01
5.515928949875024134e-01
5.735475474122826434e-01
5.868805216972482475e-01
5.901624169407421183e-01
5.828793928186188911e-01
5.654843970229994632e-01
5.393247491894160861e-01
5.065650447490284147e-01
4.700531651518862208e-01
4.330946195434123291e-01
3.991522499312790684e-01
3.716285153666176733e-01
3.534752607962371451e-01
3.470259386782353905e-01
3.538662423250628075e-01
3.746185199804684118e-01
4.089060189519454491e-01
4.554537484593172980e-01
5.121982893637175849e-01
5.764542406124724128e-01
6.451464667679771559e-01
7.150925850166585107e-01
7.833245944103032210e-01
8.472044998113353875e-01
9.046577617126296822e-01
9.542477791067109916e-01
9.952658679843805478e-01
1.027631000813673978e+00
1.051917271999089465e+00
1.069201704191225177e+00
1.080879990773588872e+00
1.088551846116558419e+00
1.093809807879176255e+00
1.098162490839778016e+00
1.102868363163084009e+00
1.108868636768734373e+00
1.116758746414743264e+00
1.126852742176887689e+00
1.139039758650450818e+00
1.152995621423467343e+00
1.168122404968680250e+00
1.183739275660433687e+00
1.199051332330062891e+00
1.213332638947955289e+00
1.225782949472166372e+00
1.235749949248301505e+00
1.242666367668152194e+00
1.246141477413862830e+00
1.245919975524467649e+00
1.241832516310909629e+00
1.233970266144962080e+00
1.222521938328704927e+00
1.207838226457597308e+00
1.190342825144719008e+00
1.170612443349880127e+00
1.149254679440933957e+00
1.126914847439488776e+00
1.104161649628813580e+00
1.081490014221662355e+00
1.059329801941422122e+00
1.038118209400569203e+00
1.018119418621844741e+00
9.995576181401395477e-01
9.826026479679415004e-01
9.673326235985233446e-01
9.537718900381759735e-01
9.418886153417609375e-01
9.317084021212447276e-01
9.232557230324439645e-01
9.165604760226218062e-01
9.116680091503084338e-01
9.086706435842470952e-01
9.077737821455582612e-01
9.092027154999878791e-01
9.133317052246693324e-01
9.205374931282865880e-01
9.311620547183843133e-01
9.455670672926584919e-01
9.639992981678489059e-01
9.865112237277728902e-01
1.013082590054882992e+00
1.043466207903459120e+00
1.077039380404575031e+00
1.112807275592920142e+00
1.149432469407001056e+00
1.185213398990501599e+00
1.218177807862885542e+00
1.246104350050522669e+00
1.266710083939794895e+00
1.277782895881336866e+00
1.277292992751549505e+00
1.263640273579025308e+00
1.235819409017967274e+00
1.193577163062933488e+00
1.137548737599582083e+00
1.069238063001856753e+00
9.909078396330519567e-01
9.055600603207762944e-01
8.167367278868067348e-01
7.282816447596254239e-01
6.440345238347273682e-01
5.675572344151873505e-01
5.018031267133754580e-01
4.489746869247979166e-01
4.102733507565069493e-01
3.858897870809533948e-01
3.750265943244742162e-01
3.759663181172714363e-01
3.862625389308970147e-01
4.029525328687224572e-01
4.228438437247794557e-01
4.428234823932844511e-01
4.601183471330927421e-01
4.724914944331681799e-01
4.784564038759397397e-01
4.773583580692728479e-01
4.693962550805401701e-01
4.555972522782835155e-01
4.377518343493216335e-01
4.182430404125551116e-01
3.998227454364240985e-01
3.854690765228330207e-01
3.780364039857936342e-01
3.800877413020850026e-01
3.937120330301276394e-01
4.202113281789380261e-01
4.600431638409642754e-01
5.126655216298499074e-01
5.765769308429080642e-01
6.494159574239368737e-01
7.280907218885916965e-01
8.091302083575520054e-01
8.888749946574805438e-01
9.638045139829717334e-01
1.030735532239320129e+00
1.087156615694751416e+00
1.131390969703789384e+00
1.162604725494485347e+00
1.180892313418437478e+00
1.187184300725866670e+00
1.183065162273406745e+00
1.170616777343191028e+00
1.152141106145529559e+00
1.130060110540895391e+00
1.106637680695918391e+00
1.083905043696004267e+00
1.063533824384853776e+00
1.046629927263649451e+00
1.033865094566156717e+00
1.025488649351097292e+00
1.021443865976053855e+00
1.021274120726115786e+00
1.024283592669906984e+00
1.029681684230777661e+00
1.036644862801870959e+00
1.044333801836212716e+00
1.051957352768582155e+00
1.058812174639123693e+00
1.064366773596574500e+00
1.068205454552258127e+00
1.070055095421635016e+00
1.069764613199211789e+00
1.067335723373016965e+00
1.062922274195827299e+00
1.056729252684140974e+00
1.049000618857555800e+00
1.040038032607145446e+00
1.030233290696588533e+00
1.019940579381214851e+00
1.009510243137249352e+00
9.992524044249744275e-01
9.894313166057084885e-01
9.801709859056904062e-01
9.716190617057507417e-01
9.638474282090152556e-01
9.568947348208115544e-01
9.508042778849374876e-01
9.455785028967366168e-01
9.411972392358585182e-01
9.376467971414566005e-01
9.349737145993276544e-01
9.332756435829347996e-01
9.326205370983411402e-01
9.331087269128077732e-01
9.348483867523631474e-01
9.379743042834114419e-01
9.425775916527325826e-01
9.487522455896579832e-01
9.566809092680568227e-01
9.664563390661790043e-01
9.781488865771819086e-01
9.917789291923093664e-01
1.007353103635323821e+00
1.024827727771111530e+00
1.044063670850092773e+00
1.064941076782336848e+00
1.087349577796774547e+00
1.111123125562442304e+00
1.136110197623976248e+00
1.162142869136243206e+00
1.189097227694044356e+00
1.216914299634280106e+00
1.245484430457600933e+00
1.274756389074145346e+00
1.304632229860514414e+00
1.335017049060099437e+00
1.365760234451976807e+00
1.396623424909825273e+00
1.427204296897407687e+00
1.457025211201752768e+00
1.485517197136263734e+00
1.511873458971774831e+00
1.535129439586389033e+00
1.554204068030705654e+00
1.567802029686125920e+00
1.574584228741494618e+00
1.573172602260487274e+00
1.562171099005428498e+00
1.540420286807465011e+00
1.506971537187070220e+00
1.461237164413283107e+00
1.403070925912422551e+00
1.332765250361490406e+00
1.251269987397316985e+00
1.160150184322277012e+00
1.061536151614076662e+00
9.581470217663647926e-01
8.531769548477809995e-01
7.500855001571908875e-01
6.524825266514675537e-01
5.640538007564050993e-01
4.882804709698770340e-01
4.283195628454014026e-01
3.867937208566850082e-01
3.656213222469890112e-01
3.659776201338325596e-01
3.881750513585795481e-01
4.316795298800782943e-01
4.951650213822613722e-01
5.764281224192614461e-01
6.725710183853190749e-01
7.799235125729098161e-01
8.942989836769437151e-01
1.011198535377998198e+00
1.125913843110493584e+00
1.233770873201164520e+00
1.330372186273383939e+00
1.411807542590643560e+00
1.474761580370929082e+00
1.516642444578357285e+00
1.535749964414815150e+00
1.531285494276704240e+00
1.503518162352655896e+00
1.453559372259798810e+00
1.383403040579682219e+00
1.295892173903936406e+00
1.194525943735228690e+00
1.083488447891645556e+00
9.673388491887562335e-01
8.508067335909401674e-01
7.386757230888918446e-01
6.355526531222686071e-01
5.455986627561740798e-01
4.723126445427771047e-01
4.184319802819556067e-01
3.858384621191960906e-01
3.754993671022571755e-01
3.873303802445119959e-01
4.201706584380269782e-01
4.720441340967744814e-01
5.402446706411840882e-01
6.214370811901562819e-01
7.118287404083356584e-01
8.074306696622857160e-01
9.041634507455051928e-01
9.981144416654350593e-01
1.085712943874836967e+00
1.163839469541181781e+00
1.230013277402594918e+00
1.282440307076289754e+00
1.320155952155096735e+00
1.342964526767228328e+00
1.351377285083973812e+00
1.346658321283299875e+00
1.330681758373722712e+00
1.305668275623018904e+00
1.274125022033257615e+00
1.238611307110161430e+00
1.201617262966349964e+00
1.165392085726474791e+00
1.131853263932216525e+00
1.102556012002152475e+00
1.078525761267994820e+00
1.060328433422085492e+00
1.048043203907691900e+00
1.041337193141758100e+00
1.039443323778949324e+00
1.041375895440462385e+00
1.045894356102641254e+00
1.051668469678495921e+00
1.057343620768479209e+00
1.061729293331073576e+00
1.063720477905206074e+00
1.062427415300990496e+00
1.057250854907952675e+00
1.047760387927943571e+00
1.033843781734358203e+00
1.015609923677038839e+00
9.935216705546793259e-01
9.682281891503600191e-01
9.405822458040727918e-01
9.116142314500128574e-01
8.825832705143292767e-01
8.547244663027291356e-01
8.294399652658994704e-01
8.081162926065236229e-01
7.920344642863325069e-01
7.823061200084611144e-01
7.797999525385648223e-01
7.850720458002233837e-01
7.982868986447828608e-01
8.191679870905035354e-01
8.469116671860514867e-01
8.801227771491048069e-01
9.169133943916429885e-01
9.548946009242798016e-01
9.914541776279124363e-01
1.023835598229995369e+00
1.049194182710147638e+00
1.064990334831097396e+00
1.069083229199957019e+00
1.059960408428484602e+00
1.036912839074869197e+00
1.000092397704350322e+00
9.505762102526356117e-01
8.903236633076945239e-01
8.220222976417602689e-01
7.489185097600525864e-01
6.745586716202366384e-01
6.025407300752774198e-01
5.361665530650776557e-01
4.783532978327176277e-01
4.312300628862911211e-01
3.960922879410314623e-01
3.733613996090506260e-01
3.625505242257219818e-01
3.623240330615280502e-01
3.705913116793558837e-01
3.848348974135873402e-01
4.022522973525639589e-01
4.200148926711793074e-01
4.355017086677792637e-01
4.465253393888660161e-01
4.515768262461149485e-01
4.499639991105406911e-01
4.419047331321988570e-01
4.285265562979375109e-01
4.117966560112532592e-01
3.943682903336437340e-01
3.793799009184872784e-01
3.702176305079359908e-01
3.701810073567113890e-01
3.822170840409623294e-01
4.086543857636449895e-01
4.509474611104861697e-01
5.095682429218804099e-01
5.838592132298257020e-01
6.721113652118473336e-01
7.716159501405306376e-01
8.788167386950603843e-01
9.896018741136151098e-01
1.099511935782356176e+00
1.204107381258921805e+00
1.299180721979895203e+00
1.381097066521184136e+00
1.446923546151148265e+00
1.494569629425907653e+00
1.522850067254955864e+00
1.531578158649012034e+00
1.521372773673942858e+00
1.493536402821076914e+00
1.449931643967485861e+00
1.392799250543912182e+00
1.324562999033618294e+00
1.247728894350917050e+00
1.164712242264307029e+00
1.077783266976689802e+00
9.890191126871469285e-01
9.001932897149996782e-01
8.128750931257298085e-01
7.283116255114379101e-01
6.474708297283112701e-01
5.710908264628757891e-01
4.997369810489150632e-01
4.337033625873262244e-01
3.731668448249104708e-01
3.181670228896886776e-01
2.686410935385895593e-01
2.244684751427822866e-01
1.854613339423747398e-01
1.513589459868049936e-01
1.219103641377218272e-01
9.678609349196515277e-02
7.564327596789455210e-02
5.812708357192731407e-02
4.383376487914253383e-02
3.236884205809355264e-02
2.336582335067283536e-02
1.646137093095745296e-02
1.130334267290286805e-02
7.561129994490906059e-03
4.952085619045367218e-03
3.217106282239757132e-03
2.128137645538831588e-03
1.500126386688001561e-03
1.177988588166669487e-03
1.047501721643316012e-03
1.022275801249185063e-03
1.039381006576997873e-03
1.055971874549429135e-03
1.046533727019425229e-03
1.000218112582537244e-03
9.162700874464364386e-04
8.004458148994515179e-04
6.649468221172390040e-04
5.272742751414333934e-04
4.075271430841448774e-04
3.234461745834876605e-04
2.904971167195612288e-04
3.199227403654966023e-04
4.130059862036664542e-04
5.614849387440715243e-04
7.495627540717959489e-04
9.549706889449790549e-04
1.157951992030922415e-03
1.338846508595668708e-03
1.486822200992874094e-03
1.596049376366518889e-03
1.669450902456664793e-03
1.714065347642483670e-03
1.737981197004833875e-03
1.749347664260793127e-03
1.751144884905147907e-03
1.741403543284166444e-03
1.712672013865769362e-03
1.653597034805442956e-03
1.554096878319141412e-03
1.409596551380435606e-03
1.223340406132059251e-03
1.011166805419359436e-03
7.974797730348325703e-04
6.184138479686483725e-04
5.131535483721275711e-04
5.233764647160536005e-04
6.821442724557437096e-04
1.007895502002159214e-03
1.507797752083131406e-03
2.165227474161392045e-03
2.953885314780047358e-03
3.822595460619609108e-03
4.716711239768274846e-03
5.582922162675809166e-03
6.370141046915142949e-03
7.032436572029159699e-03
7.545872098793716606e-03
7.900028428668061029e-03
8.099732918553039299e-03
8.159752148838104319e-03
8.101950269156166229e-03
7.945698355806347229e-03
7.709926046100198938e-03
7.410851070579520944e-03
7.058630884249744372e-03
6.670354077597832540e-03
6.257409950278337157e-03
5.844608977740160805e-03
5.456526623380304579e-03
5.116263266218131975e-03
4.849906827493191339e-03
4.682709813928272180e-03
4.617783437655327214e-03
4.650250182684555721e-03
4.764711059160582282e-03
4.933085151295217921e-03
5.116456851938565829e-03
5.276336670615759498e-03
5.373979568651097646e-03
5.381298700121468249e-03
5.282299735711138561e-03
5.071579257541074075e-03
4.758396835393998575e-03
4.362080549129667903e-03
3.907593927863417180e-03
3.424038008048009216e-03
2.936864194219064410e-03
2.467932131560056624e-03
2.038597476033942799e-03
1.661627496652347442e-03
1.341874570894006392e-03
1.084511966897835477e-03
8.970590071350738543e-04
7.886890645911625751e-04
7.752370773274937102e-04
8.735584032297458992e-04
1.099952552650434708e-03
1.469538208948237669e-03
1.990303410521069953e-03
2.659221916987706928e-03
3.464526304540476928e-03
4.375827813377473549e-03
5.354273792916570615e-03
6.353553667435757335e-03
7.333853976517099374e-03
8.242817234700439144e-03
9.037171858587361023e-03
9.682261774112632668e-03
1.015273249839311956e-02
1.043300174017729870e-02
1.051828889638913717e-02
1.041464013330324102e-02
1.013490557902119345e-02
9.695236256200445712e-03
9.116071679469850073e-03
8.423695349251754394e-03
7.644200048725458864e-03
6.812655770492209023e-03
5.964683305525925877e-03
5.138353081692323930e-03
4.357118626491949566e-03
3.655280644385108108e-03
3.053952345429434591e-03
2.563215048066534892e-03
2.185788112731904681e-03
1.914691105331017612e-03
1.739153546346025939e-03
1.645040602780728067e-03
1.620222375999543071e-03
1.656238288077019685e-03
1.747556727295377071e-03
1.893245892732567772e-03
2.093647107946437942e-03
2.344735439266883853e-03
2.643998048249304126e-03
2.982066251078434316e-03
3.345558102382389237e-03
3.721347078139521179e-03
4.087963239413424862e-03
4.427331302895277064e-03
4.721685647077590933e-03
4.958664810945397419e-03
5.124204540636186252e-03
5.217346913493535465e-03
5.240689616112069113e-03
5.203517532693555450e-03
5.119731399438722311e-03
5.005390716312908481e-03
4.876589121735238827e-03
4.751299657153504850e-03
4.641743411193216887e-03
4.552570424089972048e-03
4.486626749171980164e-03
4.437735435827667302e-03
4.398063199116756736e-03
4.360690396147093827e-03
4.321278773504592420e-03
4.279301268237740291e-03
4.237987825084098617e-03
4.201806731009841839e-03
4.181433749380233239e-03
4.184715498461606502e-03
4.219525801601333934e-03
4.291849194401941951e-03
4.413733615099616620e-03
4.598651857720540900e-03
4.859233348185874359e-03
5.225661534134641399e-03
5.729336709795441844e-03
6.405107364978386217e-03
7.289176219502844362e-03
8.415615542980040692e-03
9.809328163683832952e-03
1.147446657074508228e-02
1.339462583674956575e-02
1.555141493683663036e-02
1.790630072993823485e-02
2.041004901750494843e-02
2.299590644950586654e-02
2.558539714438973212e-02
2.807727536710443242e-02
3.035277325439237131e-02
3.227700244743379743e-02
3.370476262419548619e-02
3.449701705850377609e-02
3.455457096902087022e-02
3.385697357478845149e-02
3.249549759696913898e-02
3.073767326652158266e-02
2.908486449642327942e-02
2.830592136986649285e-02
2.941542248550284636e-02
3.367393359840407246e-02
4.250219207713974712e-02
5.738627855385291382e-02
7.971036838065173602e-02
1.105642522316372944e-01
1.505965617069585649e-01
1.998371361798421675e-01
2.575408300149324425e-01
3.221690184685680469e-01
3.914593763512917990e-01
4.625112594281666212e-01
5.319815232908295943e-01
5.963541596625083763e-01
6.521998075049709742e-01
6.965685335860856142e-01
7.273219060158069293e-01
7.432856606265902943e-01
7.444235876966400767e-01
7.317820287657452738e-01
7.074025822914373762e-01
6.741291058877577624e-01
6.352868738417398742e-01
5.943641642871920761e-01
5.547310887522506340e-01
5.192970518539627989e-01
4.902475663289276864e-01
4.689722942874047229e-01
4.559803538049171934e-01
4.509156567468438070e-01
4.527732631357578308e-01
4.599802043996191747e-01
4.706297286284568671e-01
4.827095911322435984e-01
4.942536381379493138e-01
5.035300365927445343e-01
5.091698351808504608e-01
5.102594414340437812e-01
5.063710821675329044e-01
4.975336830740260119e-01
4.841683546487280942e-01
4.670124211421439187e-01
4.470199340521182063e-01
4.252340524665324528e-01
4.027433356853575841e-01
3.806272350219566114e-01
3.598636144660122826e-01
3.412743120325212320e-01
3.253753828096287437e-01
3.124921326706250890e-01
3.027473849240016612e-01
2.960808260776697232e-01
2.922815028602138154e-01
2.909806898871347691e-01
2.917215689372029130e-01
2.940251234336420660e-01
2.974095176445532007e-01
3.014646815482555087e-01
3.058588844574583465e-01
3.103650218822645024e-01
3.148051780783832077e-01
3.190777349986761990e-01
3.230802418141772714e-01
3.267092915011294840e-01
3.298966642521435899e-01
3.325477042461916777e-01
3.345712428437556119e-01
3.359355701767142155e-01
3.366445914512625759e-01
3.368031776880187067e-01
3.365962563957261011e-01
3.362760242215791506e-01
3.361440053948789863e-01
3.365093777541058317e-01
3.376407555897082413e-01
3.396469755005368518e-01
3.425840266593292438e-01
3.463303260622938584e-01
3.506594320380135299e-01
3.552347393470863812e-01
3.596831751267290933e-01
3.636218244019037149e-01
3.667581466985092020e-01
3.689090747679608095e-01
3.700795804310443304e-01
3.704086558377228666e-01
3.701639071941202896e-01
3.696984454516132335e-01
3.694289526867124973e-01
3.697315162702605185e-01
3.708820283343841062e-01
3.730804052652009206e-01
3.763128244136774714e-01
3.804240537721800264e-01
3.851155670780146423e-01
3.900426864705451857e-01
3.947987435919694255e-01
3.990341331600846253e-01
4.024780768955937837e-01
4.049720576174082876e-01
4.064741166284695506e-01
4.070408811615681688e-01
4.068178024706858853e-01
4.059983270129844946e-01
4.047366240502195400e-01
4.031573343309414748e-01
4.013274263595837388e-01
3.992753181776634297e-01
3.970041479826178499e-01
3.944494169197140243e-01
3.915191226744615394e-01
3.882266091697137989e-01
3.846532174257206727e-01
3.809985938826557783e-01
3.775185304054706759e-01
3.745540845344093039e-01
3.724368115068157348e-01
3.715527581745833308e-01
3.722370392509785075e-01
3.747655343468733191e-01
3.793092982699485249e-01
3.859081711644826163e-01
3.944794966436436789e-01
4.047688176236764468e-01
4.163527220278442353e-01
4.287683870131518971e-01
4.415961709350978426e-01
4.543032152159980352e-01
4.664297243792063785e-01
4.774856397525809593e-01
4.869657537471324127e-01
4.944035790713472434e-01
4.993949455902599310e-01
5.016161534060411542e-01
5.008795328037500827e-01
4.971296891355843073e-01
4.904899649443461573e-01
4.812585062738965469e-01
4.698584507407987387e-01
4.568846029329288183e-01
4.430559746121529585e-01
4.291191077037634916e-01
4.157763285095513739e-01
4.036564453686129483e-01
3.932179913903093293e-01
3.847675828306829082e-01
3.784807882889634767e-01
3.743027113810016293e-01
3.719811641310709072e-01
3.710890583437211343e-01
3.710583839704731934e-01
3.712306944036237177e-01
3.709244675683225911e-01
3.695034422251556872e-01
3.664818904760087093e-01
3.615586451039822791e-01
3.546490285169208168e-01
3.459320664170649207e-01
3.357313717039200895e-01
3.245835521411040148e-01
3.131903891883103253e-01
3.023293534711207764e-01
2.927869562332858222e-01
2.852940608769083397e-01
2.804998827756435276e-01
2.788655216216704424e-01
2.806459754889123470e-01
2.858454680009279714e-01
2.942332249111186404e-01
3.053150095526117047e-01
3.184011055618476416e-01
3.326325747602427718e-01
3.471164746051550454e-01
3.609587279663512560e-01
3.734208054009001132e-01
3.839220097448853841e-01
3.921242088311392981e-01
3.979299568060740144e-01
4.015116720786402471e-01
4.033005333999111763e-01
4.038674616597851541e-01
4.038717410855391932e-01
4.039760657917524922e-01
4.048267429989602095e-01
4.069784095085052789e-01
4.108449540622108320e-01
4.166473667440558359e-01
4.244139955567790001e-01
4.340119242857570780e-01
4.450880728893975014e-01
4.571851099999868495e-01
4.697503969592461415e-01
4.821145432460872682e-01
4.935919310466216903e-01
5.034802966180661477e-01
5.111122559188421288e-01
5.159400935256786003e-01
5.175407774496960656e-01
5.156762406104121732e-01
5.102654581542684920e-01
5.014037043694423712e-01
4.894110332949745956e-01
4.748365567787219965e-01
4.584161113206028371e-01
4.409935989121758215e-01
4.235062197778007853e-01
4.069086199235463219e-01
3.920317393877371659e-01
3.795845488993501160e-01
3.699806841168663540e-01
3.633247854770483842e-01
3.593583043943767152e-01
3.575426370315402114e-01
3.571079909600971547e-01
3.571074156945734934e-01
3.565600113366104718e-01
3.545619439633054260e-01
3.504393412306940903e-01
3.437813165409412397e-01
3.345150212735027440e-01
3.228870982344052565e-01
3.095115594054684838e-01
2.951774182522695078e-01
2.808110317820045054e-01
2.673241642701180698e-01
2.555525145712721491e-01
2.461179968809691088e-01
2.394189846067801830e-01
2.355501534786210716e-01
2.343806632547862923e-01
2.356123306094733971e-01
2.388592270037765697e-01
2.437344486376123998e-01
2.498645002817896088e-01
2.570116158898843040e-01
2.650195192703317382e-01
2.738464237485287445e-01
2.834016819040606761e-01
2.935821384890615615e-01
3.041872282325538968e-01
3.148557372248054209e-01
3.250687812115047315e-01
3.341571053673784153e-01
3.413762756495860584e-01
3.460756241851056236e-01
3.478240850179606936e-01
3.465858876257484900e-01
3.428482414883764484e-01
3.377359845484190770e-01
3.330397538492636533e-01
3.311425904846644341e-01
3.349410426588434464e-01
3.475016623494375234e-01
3.718992185989853927e-01
4.107998937217416380e-01
4.661681465822827830e-01
5.390388456155377206e-01
6.292652720559499535e-01
7.355094793659311403e-01
8.551777372025655133e-01
9.845029890043726084e-01
1.118866506071524825e+00
1.253105037964818536e+00
1.381709717156142547e+00
1.499246731793506537e+00
1.600710917476396933e+00
1.681718796174923369e+00
1.738784611805862523e+00
1.769526060377976551e+00
1.772707575125411550e+00
1.748317354006931890e+00
1.697504888367670439e+00
1.622473354636640552e+00
1.526382781396943500e+00
1.413129437820871415e+00
1.287252694369716455e+00
1.153741578405822699e+00
1.017701174893168803e+00
8.841296828887993398e-01
7.578572639751703921e-01
6.432611815505762110e-01
5.441167329012853715e-01
4.635179327707650287e-01
4.036774291091520528e-01
3.659418404228472754e-01
3.507200293155350312e-01
3.574730410899454869e-01
3.848485723326394714e-01
4.306604226006538472e-01
4.921735764426312665e-01
5.661511279587663203e-01
6.490344583242977361e-01
7.370819631709993880e-01
8.265397059566200744e-01
9.138448670623698922e-01
9.957063807488841789e-01
1.069328717168902543e+00
1.132442052061267912e+00
1.183403033089559520e+00
1.221289350877194479e+00
1.245810682861510532e+00
1.257304104488541796e+00
1.256690465747931418e+00
1.245343757343509550e+00
1.225003957175665237e+00
1.197593067346527151e+00
1.165122689711405535e+00
1.129591963757968109e+00
1.092925619761760725e+00
1.056879615343809142e+00
1.022958320223717354e+00
9.923712001615151435e-01
9.660126153649274405e-01
9.444799220640008874e-01
9.280466201518258185e-01
9.167190094413677492e-01
9.102755744672894611e-01
9.083261749643734007e-01
9.103544847985071131e-01
9.156570718971954737e-01
9.235380764276657217e-01
9.331871062453838128e-01
9.438626087213211058e-01
9.548160331896174968e-01
9.653027238974553059e-01
9.746203450075775487e-01
9.821359376453273615e-01
9.873737481547786299e-01
9.899332713169863851e-01
9.895335607256019461e-01
9.859944771272481923e-01
9.792056462848133247e-01
9.691973767220758429e-01
9.561099581555114746e-01
9.401213625262799800e-01
9.215982051687620080e-01
9.009407139649407981e-01
8.786378507817904637e-01
8.552197885613661565e-01
8.312422619730071016e-01
8.073048714326089836e-01
7.840155648800897215e-01
7.619650626682936689e-01
7.416953874005038916e-01
7.236867739672177002e-01
7.083706693674729493e-01
6.961247054438222115e-01
6.872250676943567615e-01
6.818733625241342189e-01
6.801629271790708975e-01
6.820766235089674723e-01
6.875002042053030005e-01
6.962141802583622363e-01
7.079863539923112459e-01
7.224030771337810464e-01
7.390714854812518997e-01
7.575360196896825382e-01
7.773604085955037046e-01
7.981330335682039756e-01
8.195044245613249956e-01
8.411930492928986203e-01
8.629737920277935626e-01
8.847260085618290359e-01
9.064895453671792946e-01
9.283845208212930800e-01
9.506353355339902667e-01
9.735169063213637841e-01
9.973558868305507641e-01
1.022436345227122345e+00
1.048937548519421004e+00
1.077068767486287548e+00
1.106738163384045182e+00
1.137670735753921303e+00
1.169275692583415349e+00
1.200612167275389774e+00
1.230349702418386482e+00
1.256894856933289173e+00
1.278366954118178800e+00
1.292725920133970918e+00
1.297925800766221105e+00
1.292082642680008497e+00
1.273703379633261079e+00
1.241890443872231353e+00
1.196424686956677697e+00
1.137958539876028130e+00
1.067934693455156792e+00
9.885204861276497557e-01
9.025957231852919094e-01
8.134879847404563602e-01
7.248021433115974244e-01
6.401481809788677202e-01
5.629380997878050685e-01
4.960489354049694710e-01
4.416947036863809184e-01
4.012503220807382420e-01
3.750981815057979896e-01
3.627281463180684895e-01
3.627064735114968741e-01
3.728436225312611318e-01
3.903640297772171808e-01
4.121409259972440564e-01
4.349644232094472818e-01
4.557736902833919856e-01
4.719703193934886021e-01
4.815643151646938347e-01
4.833916812526682927e-01
4.771669827435864875e-01
4.635092210579644934e-01
4.439178105697342280e-01
4.206454818413594698e-01
3.965386014542349735e-01
3.748241798555363991e-01
3.587597867553374842e-01
3.514049862932338009e-01
3.553303186404542791e-01
3.724033980960865797e-01
4.035903652789973872e-01
4.489024539625215970e-01
5.074073075429105240e-01
5.771795996712884014e-01
6.556371181401055015e-01
7.395487770578000886e-01
8.253898804752715090e-01
9.096297575376404154e-01
9.889044467926499937e-01
1.060285946165507864e+00
1.121379171826762278e+00
1.170562069620104895e+00
1.207061113845606659e+00
1.230874875976899707e+00
1.242815490451543381e+00
1.244320652995349885e+00
1.237381744091008651e+00
1.224333382265523795e+00
1.207683640944051451e+00
1.189974821535360494e+00
1.173489127730962256e+00
1.160265218296235856e+00
1.151972254490180259e+00
1.149761982109457126e+00
1.154320651728973912e+00
1.165846412849128599e+00
1.184194534251266973e+00
1.208755021184456435e+00
1.238461627196252302e+00
1.272032028679284110e+00
1.307974421198805581e+00
1.344607673545940241e+00
1.380209692630321783e+00
1.413083852506368476e+00
1.441628701877591290e+00
1.464430579476948768e+00
1.480324872996463981e+00
1.488410017745898317e+00
1.488106445154533386e+00
1.479137362953762747e+00
1.461524945260303188e+00
1.435630229400967517e+00
1.402064835678435095e+00
1.361756515205341245e+00
1.315909006704041762e+00
1.265872710427016656e+00
1.213131442435698037e+00
1.159285293570144537e+00
1.105850971105609704e+00
1.054350970430943946e+00
1.006166006464646934e+00
9.624786297393552736e-01
9.242139265198919817e-01
8.920903581394499238e-01
8.665098681635190481e-01
8.476297474873406568e-01
8.353584765276094171e-01
8.293141079325264675e-01
8.289009863551006774e-01
8.333590123042597941e-01
8.418176791086240396e-01
8.533061871302608514e-01
8.668516862337586337e-01
8.814523422182132251e-01
8.961946345173282813e-01
9.101778201992944961e-01
9.225889291826097072e-01
9.327586367458010619e-01
9.402452058420059933e-01
9.447251745018718783e-01
9.460834751707014600e-01
9.443946855617736391e-01
9.399375099038308479e-01
9.332110495109380288e-01
9.249260425712169109e-01
9.159396458964886856e-01
9.072002726667381944e-01
8.997292688780031966e-01
8.945273962278557089e-01
8.925879801235505617e-01
8.948282551965921483e-01
9.020437406937240610e-01
9.148170806653311837e-01
9.334757574232799282e-01
9.579382364601474187e-01
9.877221389932073770e-01
1.021939278992742173e+00
1.059294259642319824e+00
1.098105730919562983e+00
1.136372226605912417e+00
1.171839111593674154e+00
1.202117600357782257e+00
1.224821504279779649e+00
1.237786408703004604e+00
1.239113405670754897e+00
1.227415804555863632e+00
1.201846245667930191e+00
1.162196472622216037e+00
1.108986604785628938e+00
1.043475463220958410e+00
9.676358115676693128e-01
8.841269203438336666e-01
7.961363965565169121e-01
7.072679366285808955e-01
6.213902315665749132e-01
5.424555226975952271e-01
4.743243910845381106e-01
4.205363203759753810e-01
3.841776798921647251e-01
3.676212169741054359e-01
3.724555831662658134e-01
3.992949500695764931e-01
4.478156266408730435e-01
5.166852968111763644e-01
6.036018791473736211e-01
7.054276711416591628e-01
8.183263977998318506e-01
9.378305911344981816e-01
1.059211414278505403e+00
1.177587055948270844e+00
1.288193263636781882e+00
1.386507998599109559e+00
1.468491038939092830e+00
1.530781296035352401e+00
1.570806243723491313e+00
1.586934044481893347e+00
1.578520313453096957e+00
1.545923201405146941e+00
1.490475461076341102e+00
1.414461719575053289e+00
1.321034678255339045e+00
1.213989079186677422e+00
1.097644753885749225e+00
9.767335816954164640e-01
8.560214833496604392e-01
7.402056733893613849e-01
6.336569639679794363e-01
5.402954877152899016e-01
4.633610736309389244e-01
4.052791159872316529e-01
3.676224017565732360e-01
3.510201421995693405e-01
3.551733490670994087e-01
3.789374413975940548e-01
4.204011239292586022e-01
4.769693647321380237e-01
5.455569260416563981e-01
6.227277043337180462e-01
7.049262912759041155e-01
7.886195707587770887e-01
8.704311645642436313e-01
9.472956346446137488e-01
1.016611615507963862e+00
1.076290979499737510e+00
1.124896787825885758e+00
1.161651319908214575e+00
1.186407272392819179e+00
1.199607160588575860e+00
1.202158637935892394e+00
1.195385851182098946e+00
1.180877727589960680e+00
1.160339256269147246e+00
1.135530188079413305e+00
1.108155116398397588e+00
1.079736575622766370e+00
1.051614945271388102e+00
1.024867665385483573e+00
1.000299825539662013e+00
9.784375882152169801e-01
9.596211915181480645e-01
9.439734067989626887e-01
9.313987078426333444e-01
9.216111194332943235e-01
9.142760777028533514e-01
9.089476335793092998e-01
9.051305904893711674e-01
9.023344271715185716e-01
9.001289879661461546e-01
8.980848247456568734e-01
8.958673423758073406e-01
8.931888240661987055e-01
8.898563762416021872e-01
8.857852355984635606e-01
8.810583930554227727e-01
8.758941852911625858e-01
8.705392505655596969e-01
8.653662525127170380e-01
8.607972947158246679e-01
8.573739831592520622e-01
8.556553452483164346e-01
8.562832937299228453e-01
8.598552981170158871e-01
8.669051139954215834e-01
8.778783147702278189e-01
8.930681069452306442e-01
9.124733839892219533e-01
9.358435727820032524e-01
9.625313082946718168e-01
9.915563347821750861e-01
1.021538333503929863e+00
1.050669832967994655e+00
1.076972807927423004e+00
1.098205070754203261e+00
1.112118116082232211e+00
1.116619421637038201e+00
1.109896253322241400e+00
1.090674891848247618e+00
1.058418870193411632e+00
1.013393191390831838e+00
9.567663892408995174e-01
8.905768630645296557e-01
8.177268775230419617e-01
7.417175717752180208e-01
6.664493609320435441e-01
5.958929293975678831e-01
5.337707328059149159e-01
4.832717823499360632e-01
4.466862776482539710e-01
4.252715504881894315e-01
4.191891858113065972e-01
4.274187304585856939e-01
4.479112262966402636e-01
4.777575218867732287e-01
5.134990704264574823e-01
5.513686453743589233e-01
5.876117352613174916e-01
6.187942804370893946e-01
6.420944993900088438e-01
6.554755762949207032e-01
6.578248608174903644e-01
6.490461369087510146e-01
6.300079890528625937e-01
6.025040506154828446e-01
5.690952033573991597e-01
5.329335084606061645e-01
4.974878120798743031e-01
4.663139124625690912e-01
4.427396697680807680e-01
4.295744434761080144e-01
4.288737386105631044e-01
4.418077641384315357e-01
4.685554651041369256e-01
5.082768041176990437e-01
5.590838503826518480e-01
6.182359731153219684e-01
6.823674197613196490e-01
7.477447917071088357e-01
8.106133260701378074e-01
8.675774582415435310e-01
9.157677148557696878e-01
9.531529155543314591e-01
9.786436886664733326e-01
9.921341860382930644e-01
9.944572032184537669e-01
9.872442112228370092e-01
9.727784540599822005e-01
9.536343442576806773e-01
9.325599431886957280e-01
9.120550287824982227e-01
8.943520224472395475e-01
8.812471417583636057e-01
8.739671532743449323e-01
8.730541605226054269e-01
8.785773892646580041e-01
8.900155601358890056e-01
9.065072934012832206e-01
9.268805750217896655e-01
9.497407669314517076e-01
9.736704259842274833e-01
9.972488967893778922e-01
1.019198267440042383e+00
1.038336045952720443e+00
1.053828980474879717e+00
1.064947144859833994e+00
1.071300106062343938e+00
1.072737983838870424e+00
1.069381703785528437e+00
1.061600196365250603e+00
1.050074192060505229e+00
1.035594187904115060e+00
1.019104148249363906e+00
1.001766670280376470e+00
9.847019108948185107e-01
9.690842769864224104e-01
9.559241708484143007e-01
9.461287346257351016e-01
9.403552242644490633e-01
9.390677039702410855e-01
9.423552821809708657e-01
9.500755612118869653e-01
9.618216071670036005e-01
9.769323142618098199e-01
9.944658175759524266e-01
1.013402345421101414e+00
1.032653676498536788e+00
1.051103030754860335e+00
1.067758889920569887e+00
1.081643421540263272e+00
1.091958621914347782e+00
1.098074910262319293e+00
1.099521593765960592e+00
1.096057206098031145e+00
1.087663971331181534e+00
1.074540715574088257e+00
1.057032500932665542e+00
1.035726357638041328e+00
1.011396908159150509e+00
9.849374627563769469e-01
9.574471976675473783e-01
9.299705479619795323e-01
9.036283547119559056e-01
8.795590546950902144e-01
8.588278595999019327e-01
8.424361905421258179e-01
8.312598766701750908e-01
8.259762125737217797e-01
8.271512421054061370e-01
8.351707962479151259e-01
8.502626867230123064e-01
8.724018067662762110e-01
9.014758995041656231e-01
9.370457915236481972e-01
9.784192185882479853e-01
1.024677833178975428e+00
1.074514802923689949e+00
1.126403965629208637e+00
1.178389660987804177e+00
1.228329990991774645e+00
1.273811092678136525e+00
1.312228485155026103e+00
1.340935365105652366e+00
1.357620130802079883e+00
1.360151047518856737e+00
1.346921642911456329e+00
1.317057832846192378e+00
1.270563260918159409e+00
1.208397175285807146e+00
1.132622005079446437e+00
1.046260562388958038e+00
9.531926539203384730e-01
8.579869669986051051e-01
7.655290955741782533e-01
6.807352801730244263e-01
6.079674474190033262e-01
5.507220198769970931e-01
5.113648889913759987e-01
4.908960865538957719e-01
4.887365125008303890e-01
5.029916466783899143e-01
5.305686848323261096e-01
5.674237966377393416e-01
6.089828472949962990e-01
6.507012531230236263e-01
6.883092953175783402e-01
7.182967335488825711e-01
7.381145402646978049e-01
7.463647599345626382e-01
7.428558841126988721e-01
7.284628615433818011e-01
7.049654766453833377e-01
6.748295545962584852e-01
6.408426355313553424e-01
6.058843556242223816e-01
5.725626849981302335e-01
5.430944767734429135e-01
5.191027890430792713e-01
5.015733031558459176e-01
4.907535725522167991e-01
4.862191089427811419e-01
4.869638705025968184e-01
4.915150178074778609e-01
4.981651891546561295e-01
5.050483738664686140e-01
5.103505386769771057e-01
5.125548886093334033e-01
5.105838589505551361e-01
5.039442097749977645e-01
4.927855421764366639e-01
4.779229620206111862e-01
4.607921124898280985e-01
4.432987676294666279e-01
4.275648095270622173e-01
4.157130242233227357e-01
4.096397396355142551e-01
4.106125956915350761e-01
4.192218587751083136e-01
4.352061794592178567e-01
4.573575889473608380e-01
4.836862237232980588e-01
5.115520613368517155e-01
5.379076629236781981e-01
5.596516510179035953e-01
5.738872313591338870e-01
5.783306975943771633e-01
5.715119947551291490e-01
5.529081313081325444e-01
5.229511983449242063e-01
4.829776657568338183e-01
4.350405550503598784e-01
3.817071101164045688e-01
3.257873103355839461e-01
2.700481544515700438e-01
2.169656300363483892e-01
1.685421859436302128e-01
1.261830719797874811e-01
9.067519729896159064e-02
6.222600582363086580e-02
4.050763432686554921e-02
2.485369762267371566e-02
1.430030030710177993e-02
7.773006123785499918e-03
4.194282725112218231e-03
2.598906761437409872e-03
2.196723610820335969e-03
2.392809757186416947e-03
2.788132557191652216e-03
3.148603761077069241e-03
3.376227129541420867e-03
3.459262745339247193e-03
3.432383915861069931e-03
3.352787062961293599e-03
3.272265807069626303e-03
3.218626304834594672e-03
3.197632050568089378e-03
3.196269111191015443e-03
3.191487762789003632e-03
3.157715650406593341e-03
3.073720906364569606e-03
2.930559294084734111e-03
2.728741884179833755e-03
2.484383445530266056e-03
2.217999704519530400e-03
1.963334781291373784e-03
1.746689499945935399e-03
1.591933002162243711e-03
1.517785646034479179e-03
1.534711947473714738e-03
1.639252953908608684e-03
1.822610383652405533e-03
2.074062785572302302e-03
2.377889562350667986e-03
2.723079147698649963e-03
3.100825604680711514e-03
3.502329687355986571e-03
3.922495637097239349e-03
4.360654648860798691e-03
4.809545751696855075e-03
5.263778783002859805e-03
5.710954063399632623e-03
6.144271219271077618e-03
6.554526991384750090e-03
6.921591255636509732e-03
7.227986344991926132e-03
7.460773327545179752e-03
7.609379050968562153e-03
7.665883280270724236e-03
7.628744037966450967e-03
7.496226709482261066e-03
7.271393832746392803e-03
6.962668477037320218e-03
6.581226851165370741e-03
6.135520753790545817e-03
5.640104727684270430e-03
5.112351281096698223e-03
4.574066218346280188e-03
4.044900620496104729e-03
3.548000685459969973e-03
3.113842463581810438e-03
2.775976088264359674e-03
2.564751376066834888e-03
2.509761576375139566e-03
2.640296446507970664e-03
2.982473370002920905e-03
3.557456975358745666e-03
4.386179645055092273e-03
5.468194781577027930e-03
6.793219304333813005e-03
8.344637461979310944e-03
1.008951772239189380e-02
1.198830168094649692e-02
1.398948058626238444e-02
1.602387930005747668e-02
1.802200268649947756e-02
1.990770710444127872e-02
2.160300178602950205e-02
2.303773311451856251e-02
2.414862129326682261e-02
2.488848506838049410e-02
2.521854407663817743e-02
2.512233695134232642e-02
2.458921688369198819e-02
2.364928030242264417e-02
2.234946934078217012e-02
2.075333567015716016e-02
1.894490667984282534e-02
1.700914650427362215e-02
1.503545631506647204e-02
1.311739065270515689e-02
1.132999799296118340e-02
9.736706534826465587e-03
8.384899341441938436e-03
7.299521500584474701e-03
6.488190920174826543e-03
5.932487517894479215e-03
5.608885775689619393e-03
5.477072532504715166e-03
5.492174488539273980e-03
5.605016337466331780e-03
5.765152203080629520e-03
5.925151460225631071e-03
6.042277941344539188e-03
6.080916182073407145e-03
6.014627408944491806e-03
5.830671552737171949e-03
5.530957130533292916e-03
5.129417264815683969e-03
4.647812764434223684e-03
4.116000504513847233e-03
3.565119916329368126e-03
3.028644861788573270e-03
2.534379705482068396e-03
2.104113922034228819e-03
1.756886230717133587e-03
1.500501225881418609e-03
1.333432548266877274e-03
1.246218598617630617e-03
1.225229364028269322e-03
1.257022681217395861e-03
1.325057779895562338e-03
1.412987012575412597e-03
1.508610419512886741e-03
1.606553274129567718e-03
1.705841387280356263e-03
1.810999805969458910e-03
1.937838827327112738e-03
2.100826851262745706e-03
2.317795330948965379e-03
2.606905320907615224e-03
2.979973273435725795e-03
3.440884862402156588e-03
3.986370978023353641e-03
4.601166502984701916e-03
5.263244413693154641e-03
5.935679416579736981e-03
6.586947379142565548e-03
7.175781960102091579e-03
7.667340069030654376e-03
8.025852383437077214e-03
8.229889092501219139e-03
8.272326676902530540e-03
8.159399029957383268e-03
7.915183106567028753e-03
7.573578999748529703e-03
7.180400473497850281e-03
6.789035162446388494e-03
6.454300050268793956e-03
6.228378587821024187e-03
6.159415910824342713e-03
6.285584191726304414e-03
6.630005970441541809e-03
7.198256470985394881e-03
7.985938105228521794e-03
8.970580856598350111e-03
1.012093512815611523e-02
1.140410313470405917e-02
1.277569422867917172e-02
1.418593015865675377e-02
1.557941784373490478e-02
1.690169352739297193e-02
1.809349238271111895e-02
1.910644351165584690e-02
1.990273832106505270e-02
2.047447958525040745e-02
2.081952517740203595e-02
2.095877753123277093e-02
2.093846176933552780e-02
2.083317710865398645e-02
2.072949203829073037e-02
2.073539596443383856e-02
2.097159805923256778e-02
2.155001762067129678e-02
2.256434086220835550e-02
2.409027369035722857e-02
2.618315725226875307e-02
2.886640788195336815e-02
3.212968088889350121e-02
3.592006257021070070e-02
4.014152548037108748e-02
4.464249506386593069e-02
4.924238789500040570e-02
5.373708231537878410e-02
5.789600882014593608e-02
6.147608244048038961e-02
6.425711091370818473e-02
6.602248345051525691e-02
6.662399644425956446e-02
6.598294671638990638e-02
6.414456223803620405e-02
6.129336197509548112e-02
5.778105312879640298e-02
5.413566243743492268e-02
5.107564970423455336e-02
4.948768710860784736e-02
5.038825500554659775e-02
5.487321761859868807e-02
6.405103566497583056e-02
7.891165859969126450e-02
1.002599837955281126e-01
1.285714690176580355e-01
1.638787436743448234e-01
2.057100043352351193e-01
2.530443656446370593e-01
3.043118350457097998e-01
3.574262465066224692e-01
4.099167521308725859e-01
4.591084005684383795e-01
5.023507598833969467e-01
5.372944323260526733e-01
5.620840403356560655e-01
5.755637205250965227e-01
5.774013070768930778e-01
5.681401600066134927e-01
5.491751602727057424e-01
5.225799807554805110e-01
4.909054326711461691e-01
4.569047022481280140e-01
4.232550372414184969e-01
3.922254788404308523e-01
3.655497632356826676e-01
3.442647371918916566e-01
3.286743129831102284e-01
3.184325723983728595e-01
3.126807825465232060e-01
3.101943143637083122e-01
3.096844324314651509e-01
3.099745722409731341e-01
3.102744382985241911e-01
3.102391574975913446e-01
3.099831906558733197e-01
3.100517993105927905e-01
3.112721094448825943e-01
3.145765176126948948e-01
3.208283841815177118e-01
3.306395113582409895e-01
3.441985063379243703e-01
3.612522387480815445e-01
3.810974455768191271e-01
4.026330109459320128e-01
4.245525386487825625e-01
4.455313968769980537e-01
4.643464964500157444e-01
4.800981407392557743e-01
4.921712047211755370e-01
5.002933216064637811e-01
5.045507313686379280e-01
5.052751265834365402e-01
5.029616377455374820e-01
4.982072473302442961e-01
4.915679069111427157e-01
4.835922383080085152e-01
4.747213590103812053e-01
4.653760721723980698e-01
4.559053492420120923e-01
4.466434578343297379e-01
4.379257767226805154e-01
4.300403336595094994e-01
4.232940338958218196e-01
4.179311328025532291e-01
4.140822363942479600e-01
4.117334580752945450e-01
4.106576268732894386e-01
4.104281512353369354e-01
4.104486418842311357e-01
4.099891650906991591e-01
4.083051271923051617e-01
4.046705293495320710e-01
3.985669963558318707e-01
3.896696959416499073e-01
3.780272586254002642e-01
3.640105694332181896e-01
3.483129125515582181e-01
3.319167589642171845e-01
3.159205399303549600e-01
3.014586310210663478e-01
2.896050653936849129e-01
2.812555264084616313e-01
2.770718257314145339e-01
2.774261612330138349e-01
2.823658801425855680e-01
2.916385992319389109e-01
3.047105148842128575e-01
3.208508243759946588e-01
3.391690719457275405e-01
3.587095786074974146e-01
3.785894575847938426e-01
3.979882853026684431e-01
4.161532467736046570e-01
4.324806917899887138e-01
4.464932397949717968e-01
4.578098085483320312e-01
4.661378573352217281e-01
4.713603329397567654e-01
4.734569953413941268e-01
4.725502221801359815e-01
4.689114864882090172e-01
4.629184227920874473e-01
4.551140982021535386e-01
4.461354078996981887e-01
4.367103194514649345e-01
4.275586918382530688e-01
4.192739043198716598e-01
4.123115430224033595e-01
4.070030911538243257e-01
4.033868427719377037e-01
4.013443623702320773e-01
4.005858040469399972e-01
4.007230651739017713e-01
4.012932003457989616e-01
4.018345180040792108e-01
4.019395100743928251e-01
4.012753249918458165e-01
3.996453189817394946e-01
3.969723406557746359e-01
3.932779919495031917e-01
3.886675501574551328e-01
3.833089007911364421e-01
3.773783468670706132e-01
3.711226520250678340e-01
3.647382848447433545e-01
3.584597625502676799e-01
3.525106649103801892e-01
3.471284141445829530e-01
3.426065972183691688e-01
3.392573366593371609e-01
3.374353537288723448e-01
3.374783223667985887e-01
3.396966329638496096e-01
3.443169284837569455e-01
3.514194487826652891e-01
3.609519715013619900e-01
3.726286151555672221e-01
3.859686862494410842e-01
4.003943258324317855e-01
4.152177840149227639e-01
4.296704591717922517e-01
4.431368087843857717e-01
4.549947001640926025e-01
4.648337497647216376e-01
4.723233953427886656e-01
4.772871784521890426e-01
4.797147235095086115e-01
4.797266819762057155e-01
4.775741679499914127e-01
4.736220831601261061e-01
4.683078951064250095e-01
4.621159140019818201e-01
4.555996946287060867e-01
4.493200572944433535e-01
4.437189609510691080e-01
4.391384317209816590e-01
4.358490220302672080e-01
4.338840419439463636e-01
4.331727017359044973e-01
4.334527750895841858e-01
4.344075036927029787e-01
4.356462662974069366e-01
4.366931550081437630e-01
4.370907588415759992e-01
4.364199898990620552e-01
4.343527023535543319e-01
4.306834169774774734e-01
4.253267687455661306e-01
4.183180045808259639e-01
4.098617299156686600e-01
4.002964995427333861e-01
3.900494388302563342e-01
3.796288988424918465e-01
3.695109990871949801e-01
3.601873028010706967e-01
3.520914058785920564e-01
3.455598548803785475e-01
3.408311060693747785e-01
3.381192189792379676e-01
3.375528245909302782e-01
3.392152696815163293e-01
3.431229833809990026e-01
3.492118611103967041e-01
3.573652277683561085e-01
3.673359964186266868e-01
3.787994040161892784e-01
3.913260362925167213e-01
4.043917467520174447e-01
4.173658179299509774e-01
4.296939682876406152e-01
4.407857812804752973e-01
4.501501903252272951e-01
4.574481733605579858e-01
4.624932321543365754e-01
4.652159003927862080e-01
4.657123252406529246e-01
4.641804837964610408e-01
4.608784109314174593e-01
4.561244575704466730e-01
4.501991919389964902e-01
4.434022580848920314e-01
4.359448928052037653e-01
4.280066001981617241e-01
4.197397107577783837e-01
4.113501798824095168e-01
4.029830782585764326e-01
3.949487920570591282e-01
3.875664465709814932e-01
3.812415523364945380e-01
3.764255270037201173e-01
3.735901178146015522e-01
3.731230153342862677e-01
3.753087287021008578e-01
3.803119801513449305e-01
3.880849355927931121e-01
3.984480721918179924e-01
4.110518762499728029e-01
4.253742899946060252e-01
4.408629696475674375e-01
4.568950417801470043e-01
4.727981655915315384e-01
4.880210059456070448e-01
5.020069632453714181e-01
5.142036965840235396e-01
5.241204459566025653e-01
5.313374614424364317e-01
5.354977178646516123e-01
5.363853289596385299e-01
5.339500647105109854e-01
5.283565689074198879e-01
5.200803409385437170e-01
5.098771353097090175e-01
4.987719100210503131e-01
4.880655567610404089e-01
4.791451628043698063e-01
4.733423326996102909e-01
4.717270659222685958e-01
4.748762368825553137e-01
4.827355998578173324e-01
4.946058230177127202e-01
5.090952513618294262e-01
5.242677404889901638e-01
5.378546283319709520e-01
5.475774628328504701e-01
5.514909002481573896e-01
5.482856072927002611e-01
5.375389361323770210e-01
5.198639884154904189e-01
4.969788060328395041e-01
4.715589628990368709e-01
4.469753459440179988e-01
4.270264632055745802e-01
4.155102162769817031e-01
4.158377817079083050e-01
4.306791061285898392e-01
4.616649950824179283e-01
5.092503414179818666e-01
5.724653269578254822e-01
6.491175897774990045e-01
7.359080401312141362e-01
8.287427624880630006e-01
9.230057720699157420e-01
1.013889855990694588e+00
1.096776067114338726e+00
1.167520517689096593e+00
1.222674631581246008e+00
1.259676838333510407e+00
1.276931460581221200e+00
1.273835200681252333e+00
1.250701736211164095e+00
1.208741117994643455e+00
1.149932885413620820e+00
1.076795672008699523e+00
9.924159863468857701e-01
9.002025372358908317e-01
8.037822903176701228e-01
7.067759600347160998e-01
6.127413577352844865e-01
5.250532662988715016e-01
4.467532391118219093e-01
3.804455322297902731e-01
3.282301015237933939e-01
2.915918024538278752e-01
2.714135297571358962e-01
2.678663044844225571e-01
2.804942013478314844e-01
3.081339781083269891e-01
3.491239189007614430e-01
4.012772820174976829e-01
4.621369300227319288e-01
5.290037837198676707e-01
5.990845966706579429e-01
6.696357488348190223e-01
7.381378332829815481e-01
8.022960567842526425e-01
8.601769308128557334e-01
9.103325615054002062e-01
9.517913598308509471e-01
9.841459662382490148e-01
1.007459720981096485e+00
1.022381331076443356e+00
1.030011680022523191e+00
1.031879374509105274e+00
1.029677133429500957e+00
1.025310701560950832e+00
1.020654417150858695e+00
1.017460695588130903e+00
1.017282477378491645e+00
1.021358019844959886e+00
1.030521692292364122e+00
1.045234946987084523e+00
1.065639963509976029e+00
1.091423502227429676e+00
1.121963702903909788e+00
1.156314113268388510e+00
1.193356219132246654e+00
1.231739495362613068e+00
1.269993746271745216e+00
1.306682623349463945e+00
1.340455737873755826e+00
1.370028968127098512e+00
1.394274995466192824e+00
1.412316889520597973e+00
1.423476408829158268e+00
1.427429064317347285e+00
1.424032070920963955e+00
1.413478030330953983e+00
1.396177154658521102e+00
1.372792141215566364e+00
1.344268629014769179e+00
1.311647779224383470e+00
1.276082927806847067e+00
1.238844946220037047e+00
1.201224812699108746e+00
1.164373495252505997e+00
1.129341122019066779e+00
1.097143643525272161e+00
1.068561686717020454e+00
1.044163965848618147e+00
1.024299376044021770e+00
1.009059188609213509e+00
9.984355216252436271e-01
9.921635992066448750e-01
9.897973189436088948e-01
9.907739863786835244e-01
9.943552170852818506e-01
9.998232068467882705e-01
1.006400254381841108e+00
1.013278183944305910e+00
1.019692639522607136e+00
1.024965154264828149e+00
1.028525940203360189e+00
1.029830386683549648e+00
1.028513153340897546e+00
1.024358046525723154e+00
1.017294678123328300e+00
1.007423990534430658e+00
9.950273508031741709e-01
9.805283459683016289e-01
9.644673014099409691e-01
9.475286044916986228e-01
9.304500296614879318e-01
9.140635541626196403e-01
8.992181140447444987e-01
8.867364161677480094e-01
8.774082725556811013e-01
8.719893597142223118e-01
8.710710707032887079e-01
8.750863355736069327e-01
8.842304358353467730e-01
8.984893507515281375e-01
9.175292041459408576e-01
9.406511799129905205e-01
9.668091311807861521e-01
9.947208392252071540e-01
1.022824642541319662e+00
1.049320365986130099e+00
1.072310586480778705e+00
1.089796897248037411e+00
1.099872477772589452e+00
1.100806658216110012e+00
1.091176554798079845e+00
1.069953914073242807e+00
1.036703867188458972e+00
9.916160999458549785e-01
9.355985888138471651e-01
8.702277779963283333e-01
7.978016688994327144e-01
7.212452027140647814e-01
6.439488671537030307e-01
5.696218755134719869e-01
5.021832276672475448e-01
4.455115642837990664e-01
4.032261294264080087e-01
3.785178311456065536e-01
3.738969978241052927e-01
3.911344875345955652e-01
4.310184616592881435e-01
4.933289039805591747e-01
5.767587116064514241e-01
6.789180048573942861e-01
7.964232998561500132e-01
9.250694155414525000e-01
1.059969801940690903e+00
1.195826121263637631e+00
1.327174467859073559e+00
1.448577633939589271e+00
1.554922066839147909e+00
1.641717533523139760e+00
1.705236571660144529e+00
1.742709689102736492e+00
1.752496335284433382e+00
1.734169063825000023e+00
1.688525127884660471e+00
1.617530570271666690e+00
1.524225425747769425e+00
1.412584686568749692e+00
1.287332464019295131e+00
1.153663913370678529e+00
1.017050004519111539e+00
8.829172507787215185e-01
7.564203207189714728e-01
6.422721262910267015e-01
5.445052104486667321e-01
4.662678288415350591e-01
4.098133920872016889e-01
3.763438122935931496e-01
3.660488993222568155e-01
3.780882809417462909e-01
4.107434438691826006e-01
4.614754482288359050e-01
5.270870873303867832e-01
6.039960263120143225e-01
6.883322206947130040e-01
7.761050429081258750e-01
8.634572227716499349e-01
9.468797575942941025e-01
1.023187515361081878e+00
1.089793213249885984e+00
1.144754807608262981e+00
1.186852614407094997e+00
1.215452799615515556e+00
1.230651072520524192e+00
1.233117822847973777e+00
1.224031863658374686e+00
1.204956010745818595e+00
1.177749849129798410e+00
1.144470845078193078e+00
1.107143526617150542e+00
1.067748725879007932e+00
1.028151496867009351e+00
9.899693329131680208e-01
9.545624564209196361e-01
9.230449891178180710e-01
8.961479168328823075e-01
8.743002739879712770e-01
8.575840178796392266e-01
8.458856583874789781e-01
8.388609818383108152e-01
8.359846175164917792e-01
8.366355474904796363e-01
8.401116954057011865e-01
8.456337312898546399e-01
8.524746622604566504e-01
8.599509639465430233e-01
8.674983279766705913e-01
8.747025574447754304e-01
8.811755781720269631e-01
8.866234972751615429e-01
8.910094669559599501e-01
8.944805759284778501e-01
8.972623051481201095e-01
8.997287587885915983e-01
9.023883764365079330e-01
9.058848131963157524e-01
9.108908859262314639e-01
9.180647205382650444e-01
9.280497068539650396e-01
9.414434102736310983e-01
9.586998461298177343e-01
9.800732784394208252e-01
1.005469416529476412e+00
1.034482399876622161e+00
1.066374638129255814e+00
1.100068751575519421e+00
1.133941162723543172e+00
1.165948321755162498e+00
1.193854855535946946e+00
1.215261758354965416e+00
1.227859168259322953e+00
1.229412883284156432e+00
1.218239180432022950e+00
1.193245556763664617e+00
1.154087428018442107e+00
1.101300119201678474e+00
1.036318011500926062e+00
9.614591918360771983e-01
8.798050735942214429e-01
7.949535444198498890e-01
7.108657464611007892e-01
6.314240322760533708e-01
5.602929839159911385e-01
5.006091788733615378e-01
4.546440577246267933e-01
4.236908757537775627e-01
4.079107163478302156e-01
4.064323519078619218e-01
4.173981452990590535e-01
4.380862816190185249e-01
4.652612277644561090e-01
4.953899896187697327e-01
5.249376656816648890e-01
5.506439367931531548e-01
5.698140591015815604e-01
5.804626403972293902e-01
5.815032649242368734e-01
5.728121593994803806e-01
5.552456975612717338e-01
5.305602883439921591e-01
5.012732016234080490e-01
4.704835285467294237e-01
4.415984994014638954e-01
4.181185906937338603e-01
4.032529838858802673e-01
3.998360796468706790e-01
4.099478763526718250e-01
4.347353905482653214e-01
4.743135570043758298e-01
5.277897490961401816e-01
5.932617239040633983e-01
6.680362549434860631e-01
7.487840306799309342e-01
8.317704040661457743e-01
9.132851825552195102e-01
9.898400135499497710e-01
1.058482309363710572e+00
1.116937898114359839e+00
1.163777570578528042e+00
1.198464060935693354e+00
1.221267126010217252e+00
1.233196132973396919e+00
1.235830379643300336e+00
1.231157143434546741e+00
1.221265047124274972e+00
1.208276695313787563e+00
1.194086592780125411e+00
1.180236771511211646e+00
1.167859063421967658e+00
1.157789455058368722e+00
1.150375439379563991e+00
1.145590556749016109e+00
1.143124320893688317e+00
1.142493468272808066e+00
1.143004108003621067e+00
1.143955900970294204e+00
1.144724003940969848e+00
1.144638200252260596e+00
1.143033061034680831e+00
1.139414884000470973e+00
1.133463922404329693e+00
1.124976977926200217e+00
1.113989217075372906e+00
1.100634211015737884e+00
1.085294910297715631e+00
1.068378499200574705e+00
1.050416937302537157e+00
1.032034952346562839e+00
1.013821687973622154e+00
9.963917916108471218e-01
9.803082056777239206e-01
9.660126909600670331e-01
9.537878197397976487e-01
9.438777100831647893e-01
9.364994921345017875e-01
9.316828362077220760e-01
9.294211026375016615e-01
9.295383981182088196e-01
9.318379427602648812e-01
9.361579098098562479e-01
9.422964271097656885e-01
9.499646031253112799e-01
9.588566477088559248e-01
9.687783012463111465e-01
9.794840682157628375e-01
9.907606580644287009e-01
1.002449977761249222e+00
1.014385372868039870e+00
1.026404120360664862e+00
1.038383113441068151e+00
1.050148420536251681e+00
1.061528142608028524e+00
1.072338457433130499e+00
1.082394354978005513e+00
1.091535070043780031e+00
1.099555292245081972e+00
1.106341387956590872e+00
1.111799232059004439e+00
1.115935011568695234e+00
1.118732175000942908e+00
1.120369710770797944e+00
1.121045126236459133e+00
1.121077823736654322e+00
1.120852794871790792e+00
1.120916801008741359e+00
1.121857800639127545e+00
1.124288629701608144e+00
1.128814232371389448e+00
1.135991990085316594e+00
1.146349018086505689e+00
1.160166908156088361e+00
1.177541708475296156e+00
1.198107145932550743e+00
1.221250437057631366e+00
1.245915516266464795e+00
1.270609959678888234e+00
1.293453542630470521e+00
1.312261615765122347e+00
1.324677601895607681e+00
1.328348514468535857e+00
1.321127647980288033e+00
1.301297246318597667e+00
1.267737686981131207e+00
1.220226812953068896e+00
1.159442276306390074e+00
1.086948612224185151e+00
1.005162560101146685e+00
9.171802182481659793e-01
8.265975414206325755e-01
7.371937860016535282e-01
6.525608277075447550e-01
5.758461276679140983e-01
5.094409954757780357e-01
4.548522802079050797e-01
4.126411868531433269e-01
3.824224309809157174e-01
3.628977071791474884e-01
3.521611507404647790e-01
3.480089368490119073e-01
3.481530982413266750e-01
3.504522325756188605e-01
3.532001035567736702e-01
3.552488311727430847e-01
3.560623869945559461e-01
3.556510468622862131e-01
3.544808627668956102e-01
3.533466158412071900e-01
3.532002073683747634e-01
3.549695217780573508e-01
3.593605517551461404e-01
3.667378934570001414e-01
3.771819255091306000e-01
3.903817262298616697e-01
4.056110763214739734e-01
4.219031091605125461e-01
4.381512113372481032e-01
4.531934237515952701e-01
4.659902819525487128e-01
4.756082079999865986e-01
4.813895408596201575e-01
4.830251458242663665e-01
4.805488913215898439e-01
4.743570395362010084e-01
4.651499925350984221e-01
4.538665700507510392e-01
4.416330254601442684e-01
4.296897511361363886e-01
4.191149177540905990e-01
4.108641806617753800e-01
4.056349297094237194e-01
4.037980529330065238e-01
4.052562161955008957e-01
4.094938535046022121e-01
4.155564547382529228e-01
4.222669677076421602e-01
4.283136540479300924e-01
4.324884191531217503e-01
4.338308697377892265e-01
4.318370115066262338e-01
4.266148488548711093e-01
4.189883446479038542e-01
4.104938177290094470e-01
4.032438381613914768e-01
3.998231855134404267e-01
4.029906274680553624e-01
4.154173763137393172e-01
4.392510796675557772e-01
4.759271080553584277e-01
5.260028936728211590e-01
5.889869871145280156e-01
6.632079868722304816e-01
7.460651104472171280e-01
8.340741834318119441e-01
9.232366584617918148e-01
1.009354674019508735e+00
1.088394746398654522e+00
1.156802667225800940e+00
1.211771032641442813e+00
1.251320033408300780e+00
1.274543670188745370e+00
1.281562144162383454e+00
1.273418123260622536e+00
1.252014140480376181e+00
1.219854699989906699e+00
1.179809052453371088e+00
1.134773236270937957e+00
1.087719175406017591e+00
1.041244721703874943e+00
9.975823556599350272e-01
9.585869103918294165e-01
9.255870618974401109e-01
8.994218020016047088e-01
8.804669956626232086e-01
8.687320147720085650e-01
8.639805162672672401e-01
8.657519359909691126e-01
8.734058160365779644e-01
8.861776138497556854e-01
9.032104008848962362e-01
9.235749200828407002e-01
9.463201636319484855e-01
9.705748079125333660e-01
9.954556090865321893e-01
1.020185235605147067e+00
1.044087949767285917e+00
1.066560520269923540e+00
1.087185593496949210e+00
1.105627839999236972e+00
1.121683808102188706e+00
1.135269379089920871e+00
1.146460702801491260e+00
1.155431331530385020e+00
1.162510749090140072e+00
1.168078004803299930e+00
1.172597214049975634e+00
1.176495579040782724e+00
1.180166720920800216e+00
1.183876284122269196e+00
1.187753600310010871e+00
1.191775274089338588e+00
1.195730703398518724e+00
1.199174635881295359e+00
1.201409073210472744e+00
1.201579771460262291e+00
1.198655327946317017e+00
1.191461363291772546e+00
1.178779995171793882e+00
1.159443306425248732e+00
1.132412503651679003e+00
1.096989464776356726e+00
1.052751811944408811e+00
9.997899570179789031e-01
9.386603802310209410e-01
8.704749595711203103e-01
7.968167295236203707e-01
7.197257022618317457e-01
6.416493333459333259e-01
5.653314703234744165e-01
4.936888113738496231e-01
4.296780827686794701e-01
3.761992219084961953e-01
3.359353659534041747e-01
3.111834713877551506e-01
3.037021475640149792e-01
3.146130275727950232e-01
3.443251952726488763e-01
3.925721201883462519e-01
4.582330598017955170e-01
5.393845334682687565e-01
6.335281973228981123e-01
7.375202351920544519e-01
8.477516309554047336e-01
9.601662012809972779e-01
1.070512378641431450e+00
1.174645880274905352e+00
1.268538602368277868e+00
1.348492659693748097e+00
1.411294436114498119e+00
1.454449595864534039e+00
1.476199415712898366e+00
1.475669593226410115e+00
1.452881002618410466e+00
1.408640591285392318e+00
1.344729756452179847e+00
1.263747945897681912e+00
1.168905647048549046e+00
1.064011164364839113e+00
9.532278310672847033e-01
8.409729207074683188e-01
7.316246171461406878e-01
6.291935400354364827e-01
5.372779432860875781e-01
4.588353573480534742e-01
3.960462488494382871e-01
3.501507232358597177e-01
3.214951729563475524e-01
3.094727959396242345e-01
3.126411920376945819e-01
3.289181051098797326e-01
3.555977376267350776e-01
3.895879420456145326e-01
4.275760712266428731e-01
4.662198834124545721e-01
5.023433930504400680e-01
5.331324073120673468e-01
5.562575616689389157e-01
5.699336993898826975e-01
5.730587585604474121e-01
5.652253467716251700e-01
5.466931245301734910e-01
5.183562311416620716e-01
4.816157889912224266e-01
4.382913941225617394e-01
3.904341531540751475e-01
3.401891253441085006e-01
2.896483112743820643e-01
2.407220758368734670e-01
1.950240641693897770e-01
1.538133030444306382e-01
1.179418682492217874e-01
8.781504919089525019e-02
