-7.260668018181861306e-05
-2.099050861146719833e-04
-3.162233232674067918e-04
-4.633515885929763087e-04
-6.080060818365619606e-04
-6.570015326650435229e-04
-5.662053361547749863e-04
-2.864978111201920948e-04
2.016489329982435960e-04
8.154748402653148528e-04
1.493122268336933775e-03
2.209943975058846835e-03
2.925911350692320893e-03
3.490767688061712729e-03
3.802690621482972353e-03
3.757470754343120254e-03
3.321135673864354307e-03
2.413743091814595735e-03
1.065969044809960157e-03
-5.941242778938320970e-04
-2.419678898574575184e-03
-4.343338190534282335e-03
-6.128985004103346991e-03
-7.600519787036611255e-03
-8.594458924925336973e-03
-8.887819348809718883e-03
-8.278215514609384845e-03
-6.734809018760420755e-03
-4.256257919717114369e-03
-9.581606028805815045e-04
2.901232195043808477e-03
7.153378277977612450e-03
1.178258591758870981e-02
1.654022498228918669e-02
2.104412335195871703e-02
2.512896100141117500e-02
2.849896209780862152e-02
3.082485756010173647e-02
3.189625370115131697e-02
3.157224717916130158e-02
2.952450576101296048e-02
2.565303985210384830e-02
1.995617061636050654e-02
1.242226667550989407e-02
3.149589037129926251e-03
-7.775135240778565347e-03
-2.017280890193886081e-02
-3.389339635938502099e-02
-4.861132265652128720e-02
-6.386375488750832552e-02
-7.921678489214314944e-02
-9.422588890206576306e-02
-1.085583567791428561e-01
-1.218674516130937718e-01
-1.338122531474689181e-01
-1.441600560195060166e-01
-1.530093878782315120e-01
-1.603829520859774427e-01
-1.662815507960317962e-01
-1.707475047840137372e-01
-1.737818277685619084e-01
-1.755164359962467779e-01
-1.762928951766497276e-01
-1.763261665568852943e-01
-1.758743947953423092e-01
-1.751613921441307342e-01
-1.744227356276585594e-01
-1.737656574365677165e-01
-1.731548141825177967e-01
-1.725128582358088913e-01
-1.716592156526842994e-01
-1.704144852539381805e-01
-1.685297336685036007e-01
-1.658024013493690219e-01
-1.621761103753185662e-01
-1.574439619047246497e-01
-1.513173021664216134e-01
-1.438106362725439513e-01
-1.349316074571257906e-01
-1.246812838243854665e-01
-1.133046658064624651e-01
-1.010075024553423462e-01
-8.813196703810262378e-02
-7.525818783217363972e-02
-6.291474729288384915e-02
-5.153350272831325879e-02
-4.164427561918076365e-02
-3.359577097846892096e-02
-2.792457141372286025e-02
-2.510080439726624854e-02
-2.541056506024257089e-02
-2.897377868616044308e-02
-3.570470719224490969e-02
-4.543375875722947127e-02
-5.777164652717025478e-02
-7.208481619418581621e-02
-8.797065401317713529e-02
-1.042314804808093659e-01
-1.203547491946736353e-01
-1.354987412603033403e-01
-1.487097483420447008e-01
-1.590790955165009013e-01
-1.660752062342630009e-01
-1.689855170080726277e-01
-1.677564301090832821e-01
-1.622323086396499636e-01
-1.526219388774086583e-01
-1.388443562311482415e-01
-1.216573046502988087e-01
-1.013672681902081790e-01
-7.908491575087849002e-02
-5.549491363921820603e-02
-3.179670250455175068e-02
-8.560771615373927168e-03
1.332297477836728514e-02
3.342037661931863968e-02
5.070735862537185251e-02
6.502930950819477141e-02
7.596323336047243469e-02
8.324863030896145766e-02
8.673988451892158946e-02
8.680212313614966979e-02
8.355884385967954353e-02
7.737698384464997137e-02
6.874271023946627868e-02
5.791429025797353858e-02
4.539298764704688405e-02
3.207670521194028179e-02
1.886337679977800538e-02
5.754971558366976138e-03
-6.149834469553461073e-03
-1.653114245779260111e-02
-2.505550548980410228e-02
-3.171711505745126308e-02
-3.600251974676751954e-02
-3.832285823206167674e-02
-3.873326575431763896e-02
-3.721235435136818759e-02
-3.460541839610078996e-02
-3.119922046341845612e-02
-2.768873081725933827e-02
-2.437089006341224690e-02
-2.183764280971257910e-02
-2.063054212272106766e-02
-2.045107827179736687e-02
-2.161426198156816969e-02
-2.381462873667075306e-02
-2.725652140533242965e-02
-3.156183076333028692e-02
-3.668991704051398350e-02
-4.181413857519278299e-02
-4.716770508318800237e-02
-5.224775496401214830e-02
-5.648484655535244287e-02
-5.953625284427287861e-02
-6.102833536786763519e-02
-6.023821514412443928e-02
-5.763781021186809017e-02
-5.289037310839431183e-02
-4.618876952630818211e-02
-3.759375894833703879e-02
-2.742200583225868835e-02
-1.624736639290370530e-02
-4.156803711305740584e-03
8.406364420230051648e-03
2.102960242333518776e-02
3.303626025199995347e-02
4.373945100179570111e-02
5.266207340689642302e-02
5.899613898891914454e-02
6.214823682138471972e-02
6.219375650756661655e-02
5.874302588627445393e-02
5.126126968236297682e-02
4.029377565448506726e-02
2.581943900027800637e-02
8.239081019408161372e-03
-1.200414137030401604e-02
-3.427132816793511394e-02
-5.827310451128003138e-02
-8.265245551374918176e-02
-1.071132688086120083e-01
-1.300821750214600780e-01
-1.508108224512791640e-01
-1.686469808239618173e-01
-1.826141864490608557e-01
-1.920244358536285778e-01
-1.959533130585999761e-01
-1.939370298832748807e-01
-1.858384436661410788e-01
-1.713531992906927592e-01
-1.507334661100601103e-01
-1.246138051863062701e-01
-9.345787999871890683e-02
-5.808385137479648436e-02
-2.003186722082382631e-02
1.981192264347831841e-02
5.981500892787231655e-02
9.829224638627159782e-02
1.333849765317280944e-01
1.632720983722397434e-01
1.861942130023502839e-01
2.005634459926521895e-01
2.045606999246127322e-01
1.971995106405053100e-01
1.772642260812751502e-01
1.440409643875036894e-01
9.713295075877566298e-02
3.692236156179198869e-02
-3.561631355226781842e-02
-1.194237707822424638e-01
-2.126968468322754935e-01
-3.132631171289012584e-01
-4.185014536588341771e-01
-5.255042462107371026e-01
-6.311839824329897874e-01
-7.320768450901057323e-01
-8.243770594060310097e-01
-9.044784032024085763e-01
-9.689227422384205646e-01
-1.014715363256474268e+00
-1.039463371259992552e+00
-1.040946103810410195e+00
-1.017806547700534914e+00
-9.690241450674584867e-01
-8.947113972287503714e-01
-7.958962027204276035e-01
-6.745865658642878904e-01
-5.334427975799765909e-01
-3.760113488342589072e-01
-2.063296257153864610e-01
-2.885328321220195780e-02
1.512434131874989540e-01
3.280895391235804648e-01
4.957764754224786574e-01
6.490003841976514920e-01
7.827810479054757575e-01
8.927263006936030365e-01
9.744266134332990603e-01
1.025421518649786146e+00
1.043365646565331817e+00
1.027584435871484292e+00
9.782234393290862862e-01
8.970096657834921716e-01
7.861351975600755493e-01
6.495479246487728675e-01
4.918553073109063201e-01
3.186272555789281258e-01
1.363576939930194465e-01
-4.884588014470668538e-02
-2.305744876245118813e-01
-4.017667479690179011e-01
-5.565576250062543862e-01
-6.892277627699802123e-01
-7.950400903611472003e-01
-8.699139842847255499e-01
-9.111233071650379767e-01
-9.176024306818902909e-01
-8.892955314782952092e-01
-8.269304405686062065e-01
-7.335425022072140644e-01
-6.125219765763221247e-01
-4.690062132419867136e-01
-3.087463140050214494e-01
-1.380139091579243027e-01
3.662377889245576473e-02
2.080966938382463605e-01
3.697658464340725093e-01
5.151879234031203625e-01
6.383811083296840883e-01
7.352149200647658533e-01
8.017308462083372333e-01
8.348570837741962070e-01
8.340368189409861355e-01
7.991462334933808753e-01
7.318238309911788697e-01
6.344202128184889267e-01
5.112996039505897095e-01
3.675745759670264734e-01
2.089699050713529072e-01
4.187068639964581368e-02
-1.270096757879811133e-01
-2.909150830016885014e-01
-4.430721699460891116e-01
-5.778009614479415745e-01
-6.895606553641576708e-01
-7.741577026410282336e-01
-8.280424473451281075e-01
-8.492341029398045027e-01
-8.364340680910598014e-01
-7.901806043894373799e-01
-7.125001522097961226e-01
-6.057608045943542185e-01
-4.742431694396129771e-01
-3.232812107867509832e-01
-1.584748641063949970e-01
1.399834119265963572e-02
1.878723033393006614e-01
3.558054153184732060e-01
5.119630868589664097e-01
6.500688116047917964e-01
7.652662098779171584e-01
8.531317207360539223e-01
9.103418727022793977e-01
9.350409651605188222e-01
9.266179410031207819e-01
8.853576600958629195e-01
8.125134428088832683e-01
7.113444832538861062e-01
5.856715053287898654e-01
4.399512134201046809e-01
2.799403571299938775e-01
1.114155407670099074e-01
-5.904394624715319367e-02
-2.248847116865913265e-01
-3.796761953378540722e-01
-5.184759999251346008e-01
-6.357834781494732246e-01
-7.270182752233449452e-01
-7.887421944283047326e-01
-8.182395647056626142e-01
-8.147481673996344043e-01
-7.783765044890116336e-01
-7.105649654974132146e-01
-6.138069917252804153e-01
-4.914151780285486160e-01
-3.479797974454362230e-01
-1.888450124974613842e-01
-1.994895473498787750e-02
1.519838765520526713e-01
3.203443177824503718e-01
4.792252448759250494e-01
6.224332751668090191e-01
7.441593119434820602e-01
8.400687381037380552e-01
9.060375415768494589e-01
9.395555689416177358e-01
9.393715309223509280e-01
9.052374053658415187e-01
8.385789786595746476e-01
7.414994632282027043e-01
6.179068829228743231e-01
4.720344458291270695e-01
3.097379036110872730e-01
1.367860502439190162e-01
-4.051788844756855357e-02
-2.154146356229746095e-01
-3.811170579791630098e-01
-5.315808842451071881e-01
-6.612006389756835967e-01
-7.645340229644251862e-01
-8.378711476618485587e-01
-8.790250217973948343e-01
-8.862019966083212186e-01
-8.589370676553245154e-01
-7.986437758042518320e-01
-7.072627678504344040e-01
-5.879162593055680119e-01
-4.457547925014628820e-01
-2.857953546045249316e-01
-1.142056830692820685e-01
6.258484652218784805e-02
2.377187217285818832e-01
4.044572459557494448e-01
5.566677019803257798e-01
6.884691075462182619e-01
7.946319840560907011e-01
8.710360242521295593e-01
9.148185843424554431e-01
9.244510582386741282e-01
8.996568454114158842e-01
8.413934773538512824e-01
7.517669518747948088e-01
6.346320369233017233e-01
4.945675584712562189e-01
3.369114345909115515e-01
1.679009822682725472e-01
-5.542373759698023851e-03
-1.770091528483980214e-01
-3.395050509404998196e-01
-4.864737513131898727e-01
-6.121570795241395579e-01
-7.111506997126686436e-01
-7.799430422556761222e-01
-8.157596460468392596e-01
-8.170481934143796199e-01
-7.840847716249076393e-01
-7.179658974433504870e-01
-6.213665603716910235e-01
-4.979266822468584874e-01
-3.527157981858988212e-01
-1.914158646875047942e-01
-2.027288744975545842e-02
1.538526029008520923e-01
3.240040843640573098e-01
4.836040295405837353e-01
6.258152023370624484e-01
7.449522407108729594e-01
8.365087677844639247e-01
8.968342638778041831e-01
9.234573760156344902e-01
9.148525368741314834e-01
8.709845430436948810e-01
7.940681820364356991e-01
6.867842107029327181e-01
5.529788424139037151e-01
3.978846637915869899e-01
2.270664423166980084e-01
4.723223279143965586e-02
-1.344728196353727478e-01
-3.110299193323508016e-01
-4.762800327540464007e-01
-6.241511191661013314e-01
-7.487459541756281700e-01
-8.453569265728834159e-01
-9.103121981004025365e-01
-9.414504256505710211e-01
-9.376162001225030185e-01
-8.993290573013970057e-01
-8.281495002155584428e-01
-7.270777315547948261e-01
-5.994975717821836581e-01
-4.508967197525586279e-01
-2.867350414879731302e-01
-1.133844998977462243e-01
6.259038586545415117e-02
2.347035934643695310e-01
3.962295053566847747e-01
5.412119476666218398e-01
6.643032454857641378e-01
7.610604750367957472e-01
8.283573842828971801e-01
8.636798493372599417e-01
8.658316349502842568e-01
8.353231565848386886e-01
7.734509275681965557e-01
6.824605895567013025e-01
5.654197662506990074e-01
4.267889216919624196e-01
2.715594165416299610e-01
1.052615355331396746e-01
-6.618462850474932102e-02
-2.369889997201072018e-01
-4.012174099702929264e-01
-5.531341633066696462e-01
-6.871578726999636455e-01
-7.991295896517891517e-01
-8.851518815130786644e-01
-9.428396465413875216e-01
-9.700084437541870441e-01
-9.659762933731658174e-01
-9.309666290443259218e-01
-8.662430244973421400e-01
-7.735083919940942687e-01
-6.555641274067454116e-01
-5.163550599841741917e-01
-3.592945014462513020e-01
-1.891384864381114583e-01
-1.025470946944707050e-02
1.730492047683617474e-01
3.560416972600235486e-01
5.341869354854503760e-01
7.037657232074171487e-01
8.616692813090929270e-01
1.004806855800894683e+00
1.131447918850555068e+00
1.239454691351227211e+00
1.327847093922218891e+00
1.395994143483433758e+00
1.444087145176613962e+00
1.472251025187085061e+00
1.481661624894061946e+00
1.473542883019936411e+00
1.448955679761400717e+00
1.408845299996034361e+00
1.355109878643567578e+00
1.289354867887969602e+00
1.212627500309093165e+00
1.126598986702993965e+00
1.032362942108560722e+00
9.307371057080847665e-01
8.224005644142552418e-01
7.084875485400280448e-01
5.901362801631093724e-01
4.684291774412797649e-01
3.444611972212693884e-01
2.187857471753720529e-01
9.284780062945058310e-02
-3.290009217978696193e-02
-1.569453735710474029e-01
-2.779646463764924857e-01
-3.950380397146920353e-01
-5.069191437704289038e-01
-6.125419382558435766e-01
-7.103317969020288558e-01
-7.996108689767027489e-01
-8.794903683276985573e-01
-9.495385265972363653e-01
-1.008988138824395309e+00
-1.057783741686680656e+00
-1.095616456964444208e+00
-1.122980618806847408e+00
-1.140584721522483802e+00
-1.148941893336652198e+00
-1.149389734181059497e+00
-1.143134689417521610e+00
-1.131554016907710070e+00
-1.116323903511000859e+00
-1.098520616645707992e+00
-1.079638657984017147e+00
-1.060862517352210155e+00
-1.043011359282843165e+00
-1.027639203394518752e+00
-1.014797423812141108e+00
-1.005119161429912422e+00
-9.984500730510743605e-01
-9.948212980194751642e-01
-9.935464499975742436e-01
-9.945584294630435140e-01
-9.971032672436090927e-01
-1.000245729647999182e+00
-1.003597251279356284e+00
-1.006581281916175685e+00
-1.008296563868281481e+00
-1.008057769252756808e+00
-1.005692049820342104e+00
-1.000264975739328932e+00
-9.914930560217760647e-01
-9.802880082341957069e-01
-9.658586222430055601e-01
-9.489572692745805726e-01
-9.302855989306315632e-01
-9.104151382857558206e-01
-8.902110467264611193e-01
-8.705090871163200239e-01
-8.516412494973479852e-01
-8.345216350395002758e-01
-8.204331766814582094e-01
-8.097827123273777516e-01
-8.031136330184406313e-01
-8.005364726996453406e-01
-8.021214342467570813e-01
-8.078596100188510931e-01
-8.176133416867048531e-01
-8.311972318559723849e-01
-8.485210753039345022e-01
-8.688078603823142787e-01
-8.911608881556175588e-01
-9.148472190713178298e-01
-9.390435896894784307e-01
-9.626658100609262192e-01
-9.850478786719544244e-01
-1.005364821855461166e+00
-1.023055294447561270e+00
-1.037383410908803816e+00
-1.048327092787696424e+00
-1.055749059785086708e+00
-1.059970530885401052e+00
-1.060794766903299324e+00
-1.058970806139025278e+00
-1.055052479941546384e+00
-1.049463539939659240e+00
-1.043077752130966651e+00
-1.036551879679643795e+00
-1.030603475517579248e+00
-1.025978989505157646e+00
-1.022530842267187490e+00
-1.020883058348193373e+00
-1.021444804791623362e+00
-1.024201659918725360e+00
-1.029082588968205147e+00
-1.035670937308631911e+00
-1.043656553649803698e+00
-1.052065951666713017e+00
-1.060599930258219192e+00
-1.068485593046022197e+00
-1.075104311329509787e+00
-1.080032264076812965e+00
-1.082472798887534671e+00
-1.081980634750734582e+00
-1.077691330355286414e+00
-1.070161215576854952e+00
-1.059443783041688070e+00
-1.045808445515741036e+00
-1.029981337491909787e+00
-1.012282139536137660e+00
-9.939509574493041733e-01
-9.760923837102332135e-01
-9.596848384452689729e-01
-9.460424665698238256e-01
-9.361414268753556200e-01
-9.309534536919222836e-01
-9.310890536825455754e-01
-9.369375711194772860e-01
-9.485132115988029744e-01
-9.651824335690601941e-01
-9.862368226486906142e-01
-1.010833751078737963e+00
-1.037678251551993336e+00
-1.065138442928368789e+00
-1.090699069389929221e+00
-1.112356534611473435e+00
-1.127520867285489059e+00
-1.133687514844655020e+00
-1.128648477726976296e+00
-1.110511387670958250e+00
-1.077190174057259586e+00
-1.027627278046163717e+00
-9.610286227128743697e-01
-8.773357984519973840e-01
-7.765739916801798204e-01
-6.598661441790700799e-01
-5.291453912545873717e-01
-3.865509798343031989e-01
-2.348350828654541256e-01
-7.786551955497726663e-02
8.094132843843765412e-02
2.375958802456037966e-01
3.882959775794894708e-01
5.288955596641776724e-01
6.560925799504286893e-01
7.664098746636817117e-01
8.566650540053520890e-01
9.243036914903719481e-01
9.678666525126911058e-01
9.858559678741068977e-01
9.785674090537663794e-01
9.463344671237752248e-01
8.899592669739812001e-01
8.111352092518572254e-01
7.127924195971132582e-01
5.977771139246221832e-01
4.689126647989242391e-01
3.300941171932406659e-01
1.850550735603860852e-01
3.755769298789225080e-02
-1.091013663006837331e-01
-2.514534249832309776e-01
-3.868913816560379804e-01
-5.128358259395950913e-01
-6.274455699516811036e-01
-7.290625736920052224e-01
-8.167876718805892056e-01
-8.901459261145949764e-01
-9.494589802735583506e-01
-9.949757636116289827e-01
-1.027946018513977711e+00
-1.049810054271724358e+00
-1.061975395985816251e+00
-1.066328910883346026e+00
-1.064575501661820578e+00
-1.058559621505314130e+00
-1.050530941204014246e+00
-1.041780836525759923e+00
-1.033894158809510744e+00
-1.027833090862736665e+00
-1.024684031931162975e+00
-1.024389750840520641e+00
-1.027483547266215158e+00
-1.033881368848756921e+00
-1.043228134465286727e+00
-1.054858500303269109e+00
-1.068082583502148353e+00
-1.082471282491886289e+00
-1.096852633151839340e+00
-1.110433124450125320e+00
-1.122302433871842364e+00
-1.132277529793727089e+00
-1.139564619494656927e+00
-1.143941045561604586e+00
-1.144974090686697643e+00
-1.142939540719674962e+00
-1.137967605869681709e+00
-1.130431451930360431e+00
-1.120235425386172601e+00
-1.108324267202852376e+00
-1.094982938340838263e+00
-1.080892321923619503e+00
-1.066422231084058092e+00
-1.051829230437480334e+00
-1.037925669880536583e+00
-1.024640658385149283e+00
-1.012236811787112334e+00
-1.001062427358921259e+00
-9.914239321736060262e-01
-9.832989846315520754e-01
-9.764877655765631381e-01
-9.707005865712134973e-01
-9.655175324634740486e-01
-9.608911858423603292e-01
-9.568395516681423851e-01
-9.531012689169756635e-01
-9.497361883966796148e-01
-9.471265432022620834e-01
-9.449529009636448151e-01
-9.430657416305321394e-01
-9.418902807940638944e-01
-9.418094644288151907e-01
-9.430697204958521374e-01
-9.460454700026739161e-01
-9.511266704963973195e-01
-9.586026518430151855e-01
-9.691122604227473403e-01
-9.824065158785195706e-01
-9.991436038374356121e-01
-1.019119461833309259e+00
-1.041890067654958729e+00
-1.067184253069513700e+00
-1.094035886775795108e+00
-1.121266916392814394e+00
-1.148075714521201940e+00
-1.172821759098271466e+00
-1.193452161199675787e+00
-1.208011336992005136e+00
-1.214653694985290411e+00
-1.211402866369644116e+00
-1.196692310198282705e+00
-1.168650383614645571e+00
-1.126441439014935320e+00
-1.068778533422731991e+00
-9.952132892062190983e-01
-9.056273906673898422e-01
-8.002506358017639210e-01
-6.804456589023081259e-01
-5.481420565324984784e-01
-4.053007577508888626e-01
-2.545471908556308782e-01
-9.973168813347886574e-02
5.616709115366218252e-02
2.097857484823749674e-01
3.569729176605007104e-01
4.938221075812102567e-01
6.164468850263692401e-01
7.214490158738987580e-01
8.060080252934108680e-01
8.672661268009889124e-01
9.036804783268224117e-01
9.138908859441479127e-01
8.972962794524101948e-01
8.544274092772321527e-01
7.865880038727954826e-01
6.956600627673868997e-01
5.843903731320583272e-01
4.559789100596214895e-01
3.139956898000479946e-01
1.626078945181942126e-01
6.001343460287229467e-03
-1.519086208871681110e-01
-3.073761135731337690e-01
-4.564515083961849795e-01
-5.957551654994587276e-01
-7.228359648488249523e-01
-8.352937485198633771e-01
-9.316748083276911174e-01
-1.011498532261822181e+00
-1.074260173377552530e+00
-1.120727468401220728e+00
-1.151477593160932678e+00
-1.167944628661118145e+00
-1.171896408269783807e+00
-1.165070609296915860e+00
-1.150249151646288492e+00
-1.129580717311598592e+00
-1.105417811647568582e+00
-1.079525991950585517e+00
-1.054080317055608784e+00
-1.030860747804423827e+00
-1.010896594479410382e+00
-9.951467495297363630e-01
-9.842203744036724933e-01
-9.783777724010618293e-01
-9.771697709311897295e-01
-9.800098567190170806e-01
-9.862072388081252194e-01
-9.946535970370420365e-01
-1.004797989506841294e+00
-1.015603276712459202e+00
-1.025968204635862246e+00
-1.035236820134554314e+00
-1.043036631603486919e+00
-1.049123364193267571e+00
-1.052791237997848128e+00
-1.053957035397817155e+00
-1.052749442984416639e+00
-1.049632273816451411e+00
-1.044850596947129340e+00
-1.038845455516063110e+00
-1.031764464958150329e+00
-1.024349990279514566e+00
-1.016869516294240716e+00
-1.009420641758804749e+00
-1.002482560525726818e+00
-9.962869960257275670e-01
-9.909568961810086840e-01
-9.862184999153695841e-01
-9.819711165005755582e-01
-9.783958571506905511e-01
-9.754452933076919185e-01
-9.726983352605149680e-01
-9.702556414680370001e-01
-9.682987611479718648e-01
-9.667343817370498416e-01
-9.649013365345129323e-01
-9.631755416077285581e-01
-9.617415279782157711e-01
-9.606146568511354511e-01
-9.599389152622020971e-01
-9.598744107157989314e-01
-9.604621595231733755e-01
-9.618671927965262158e-01
-9.642912469276377907e-01
-9.680382933433478998e-01
-9.730245369650930565e-01
-9.794409411840996338e-01
-9.869025325995796072e-01
-9.956960832991790245e-01
-1.005611798235201082e+00
-1.016547995828687601e+00
-1.028539356612313549e+00
-1.041207952678664395e+00
-1.054527157930945869e+00
-1.068111043290567830e+00
-1.081974820466264031e+00
-1.095879952604119412e+00
-1.109172055697228654e+00
-1.122152837849718088e+00
-1.135074281768493343e+00
-1.147813095251046134e+00
-1.160417986124258061e+00
-1.172956649439296450e+00
-1.185430869252308117e+00
-1.198534038457439888e+00
-1.211766141597862445e+00
-1.225447332890333918e+00
-1.239317013795248279e+00
-1.253104587779750423e+00
-1.266459037270435406e+00
-1.278543017706029294e+00
-1.288395693847321555e+00
-1.295410166468183855e+00
-1.298512388886525759e+00
-1.296505758129269603e+00
-1.288599749715205744e+00
-1.273840239880516201e+00
-1.250654744127013274e+00
-1.218335949707534338e+00
-1.175865775537397573e+00
-1.122702003765986056e+00
-1.058472572509818743e+00
-9.831282580425183548e-01
-8.967478443251371001e-01
-7.997570205386683728e-01
-6.921182588756373821e-01
-5.751069819590636234e-01
-4.494959562929155550e-01
-3.166432946675516447e-01
-1.786290752604451915e-01
-3.749813548715476286e-02
1.050049518672718923e-01
2.470250607676836574e-01
3.863646913039628927e-01
5.215066727907811117e-01
6.506041746627163613e-01
7.720403599817163842e-01
8.840847295369477221e-01
9.860232948319289648e-01
1.076715187920060934e+00
1.155717503650813383e+00
1.222618316689216167e+00
1.277089525949557158e+00
1.319216794230806178e+00
1.348296289047541840e+00
1.364520386140472663e+00
1.368137031653585245e+00
1.358849132036583418e+00
1.336687645674191849e+00
1.301882745811585584e+00
1.254964107391708827e+00
1.196056184538636824e+00
1.125228929933616673e+00
1.042749311380134047e+00
9.491103285400682710e-01
8.455993644232238093e-01
7.323539490978070443e-01
6.101591935078126694e-01
4.803996154017338704e-01
3.441994588625683082e-01
2.032312711224276980e-01
5.934900965235678089e-02
-8.535272588983865150e-02
-2.288554032654769310e-01
-3.698171746039409791e-01
-5.056034394507230578e-01
-6.343174437354828221e-01
-7.539627102184682794e-01
-8.629274906707974369e-01
-9.601565529187000569e-01
-1.044081714243437098e+00
-1.113769606430880854e+00
-1.168896025016388895e+00
-1.209753208771382704e+00
-1.236876048463098510e+00
-1.250895605145431633e+00
-1.253368987020677006e+00
-1.245490586989009385e+00
-1.229024386469081742e+00
-1.205798835193595986e+00
-1.177620122659919000e+00
-1.146479726714349834e+00
-1.114087561283327421e+00
-1.082547961829354088e+00
-1.053366530676529855e+00
-1.027864163778777984e+00
-1.007275138781222656e+00
-9.923999847117924711e-01
-9.829049767336901500e-01
-9.791888319912939176e-01
-9.806339380687114637e-01
-9.863240383723668181e-01
-9.956560559687447354e-01
-1.007286281833567720e+00
-1.020659057498965794e+00
-1.034150288501487935e+00
-1.046724370481080690e+00
-1.057285246060261974e+00
-1.064845022503881466e+00
-1.068460659011808644e+00
-1.067942973446484256e+00
-1.062450050484966768e+00
-1.052135458208877994e+00
-1.037140370005766199e+00
-1.017974928124149026e+00
-9.953239281171698538e-01
-9.700277928104428238e-01
-9.434034886423566801e-01
-9.162333273283029822e-01
-8.899213192595879507e-01
-8.660272413368802491e-01
-8.462001945461611330e-01
-8.312257246319476600e-01
-8.218984109950042694e-01
-8.187836663529211023e-01
-8.228686437609669113e-01
-8.335234412709184859e-01
-8.510276688723085181e-01
-8.751058563798957968e-01
-9.046274890653283052e-01
-9.384132596268156545e-01
-9.749723290249067142e-01
-1.012574644661437873e+00
-1.049498827010073354e+00
-1.083319401302600626e+00
-1.111691879974614272e+00
-1.131980981353670979e+00
-1.142236685249852446e+00
-1.139576899472823923e+00
-1.122706651469669081e+00
-1.090187792043029846e+00
-1.040600863235972451e+00
-9.733959939733203282e-01
-8.886700192354811678e-01
-7.873024371401593502e-01
-6.705145668177491247e-01
-5.399003462817231203e-01
-3.978844595316751165e-01
-2.475210291918249206e-01
-9.287592390158111444e-02
6.261245188699957054e-02
2.147124257336708586e-01
3.592963643387894201e-01
4.926639960128754159e-01
6.112474344276094262e-01
7.116870563045338827e-01
7.913943535276849461e-01
8.480306263666174127e-01
8.800714487756376991e-01
8.866287523314858587e-01
8.672494366744091243e-01
8.230960794843432682e-01
7.550965388205347351e-01
6.652169332140142055e-01
5.559277973242384707e-01
4.301209466858840202e-01
2.911084142502324279e-01
1.424647029802422749e-01
-1.206738470432508654e-02
-1.693132706529308085e-01
-3.254919684222446485e-01
-4.771211746188392389e-01
-6.216838361683516556e-01
-7.566766923111460930e-01
-8.797384750768020290e-01
-9.892864961217768816e-01
-1.084028787890341183e+00
-1.163690835923336886e+00
-1.228048570668546668e+00
-1.277172303630869310e+00
-1.311903253883504483e+00
-1.333070661156750214e+00
-1.341624659030892674e+00
-1.338976608567947979e+00
-1.326162361279138668e+00
-1.304681612978522587e+00
-1.275585541248787314e+00
-1.240284696321890534e+00
-1.199881021698578687e+00
-1.155377405475409791e+00
-1.107441551412637448e+00
-1.057514649408602514e+00
-1.005898729183954954e+00
-9.533071005536993825e-01
-9.002372744246947001e-01
-8.467885204610431371e-01
-7.932906928644913869e-01
-7.400889897260153338e-01
-6.867971260379573950e-01
-6.340305621105732925e-01
-5.817904604243481215e-01
-5.300763564712933640e-01
-4.796116424928027477e-01
-4.304539999832893149e-01
-3.824418043342009410e-01
-3.358822663317044266e-01
-2.911447460832098932e-01
-2.485947270727559277e-01
-2.079614607932064596e-01
-1.696976045869611482e-01
-1.342098381118789763e-01
-1.014342351067231973e-01
-7.208234304532772085e-02
-4.575484044948406603e-02
-2.264912247014527757e-02
-2.534434481849081374e-03
1.396636873512028740e-02
2.686755207319425215e-02
3.652709309659907949e-02
4.303348655210142981e-02
4.704715064345281472e-02
4.843199480380585425e-02
4.729493675842492278e-02
4.386268885723498823e-02
3.877188631103379440e-02
3.221191726151749479e-02
2.426483997066445145e-02
1.551527989024744682e-02
6.454409544101862885e-03
-2.390723778290811553e-03
-1.045791673143110431e-02
-1.673638680802365733e-02
-2.145957462775644614e-02
-2.389257194036968970e-02
-2.435526019358879093e-02
-2.255465722755011990e-02
-1.898014812681885280e-02
-1.332944995716165738e-02
-5.835262750770038066e-03
2.825130239473896358e-03
1.256835996083871185e-02
2.259253610907870080e-02
3.255138149352376775e-02
4.159393998509199747e-02
4.916627546611063854e-02
5.490865692609568638e-02
5.827430806395281909e-02
5.939534908360151466e-02
5.792085641839378463e-02
5.420762005734087313e-02
4.838195433295071346e-02
4.102605245566062070e-02
3.277311620656611635e-02
2.367124470656496379e-02
1.469400447345358893e-02
6.061096532778888039e-03
-1.449898675601075113e-03
-7.121672355961900479e-03
-1.069545567854400352e-02
-1.174961019364507801e-02
-1.026242720754593808e-02
-5.904428969312649003e-03
1.057056729451411612e-03
1.043144163624829500e-02
2.213076607759526318e-02
3.541611608768936020e-02
5.004378249671527501e-02
6.498785966570724826e-02
7.928490914815841673e-02
9.251358725751387957e-02
1.036088283917835223e-01
1.124956103191504242e-01
1.179044720933116464e-01
1.198189078715222039e-01
1.182106913045188334e-01
1.128430568866864020e-01
1.034506926705396207e-01
9.082857870563966485e-02
7.528358816447835999e-02
5.748118659848732576e-02
3.807989616244070175e-02
1.815134165359878760e-02
-2.085558194216776285e-03
-2.123828968234690515e-02
-3.874141466571515841e-02
-5.406700330124827869e-02
-6.724849748721130338e-02
-7.776989330046824023e-02
-8.542042483499882877e-02
-9.026213499450713718e-02
-9.235558361083258394e-02
-9.204266656248548395e-02
-8.959293274012045116e-02
-8.491765828918890202e-02
-7.865803561866034632e-02
-7.166212972265433023e-02
-6.437440458673335253e-02
-5.712633730705348606e-02
-5.062041734139067356e-02
-4.487038351960782184e-02
-4.022441191399585975e-02
-3.659586609730570983e-02
-3.392392612252342204e-02
-3.220617253901805754e-02
-3.091259288319882226e-02
-2.958829284542479135e-02
-2.815420229825326900e-02
-2.602059658558518104e-02
-2.289062241249933266e-02
-1.848389030755233364e-02
-1.247264596149975056e-02
-4.406134842816543037e-03
5.124675790496309447e-03
1.625333990031173695e-02
2.878380744644435177e-02
4.240423942223221082e-02
5.649021621717204011e-02
7.043836884924968567e-02
8.404881477053244287e-02
9.679607830267876467e-02
1.079735361198686655e-01
1.173044640001007777e-01
1.239898513929382495e-01
1.277975239169183708e-01
1.285008116189878535e-01
1.265956521615300145e-01
1.212393460400308098e-01
1.128232600417300446e-01
1.017236499068042838e-01
8.827062164957741319e-02
7.288906255166717474e-02
5.623801223698607354e-02
3.915053408177868177e-02
2.204111924631266956e-02
5.430847005700473011e-03
-1.014137796794806548e-02
-2.408865331933367909e-02
-3.589446288677714675e-02
-4.548378608593304367e-02
-5.257991707710064910e-02
-5.736876332466108591e-02
-5.938609149453349251e-02
-5.890306710609283236e-02
-5.574796160536336226e-02
-4.995902513616215512e-02
-4.186731041097285083e-02
-3.122920622184723050e-02
-1.881789245924023884e-02
-5.192034460955413482e-03
9.419092797674988998e-03
2.461196238496537667e-02
3.954671382785806405e-02
5.395637001999022131e-02
6.704350758538926702e-02
7.801402500728986389e-02
8.690713102820446512e-02
9.327521777335638642e-02
9.665700949160584143e-02
9.737656251182308376e-02
9.472958251536596486e-02
8.902692406382084478e-02
8.038993213062059495e-02
6.904295723049203026e-02
5.479734256020224459e-02
3.895170326906562119e-02
2.149889650721051662e-02
3.315924869885237235e-03
-1.494538197923259495e-02
-3.289132006656313167e-02
-4.933565035660760628e-02
-6.388706179290364051e-02
-7.615739943163031545e-02
-8.528480789106082649e-02
-9.103559021158989795e-02
-9.327343626729943382e-02
-9.131778586979073797e-02
-8.560273570833311363e-02
-7.636723921738801379e-02
-6.399445178186864702e-02
-4.839146268921699912e-02
-3.063229802631898396e-02
-1.167196834103032682e-02
7.968898483774612684e-03
2.793437475120582117e-02
4.731821235561232269e-02
6.621296796906353532e-02
8.390618896401552673e-02
9.984614832648389116e-02
1.146139146534809888e-01
1.278525771963370805e-01
1.396863071171869364e-01
1.499467895239917636e-01
1.592195262409290268e-01
1.677240506216876315e-01
1.753211463909641610e-01
1.818358653216510801e-01
1.882736393756870574e-01
1.944592696031219592e-01
2.003084520036839955e-01
2.053145104583585234e-01
2.089757505996154285e-01
2.103668431352895274e-01
2.084423535250744530e-01
2.018834327633075854e-01
1.896852979552778873e-01
1.703594800551996857e-01
1.429444891008762597e-01
1.064071491058451169e-01
5.972639191577551465e-02
2.483519636651750420e-03
-6.551766212456805460e-02
-1.435311530378162448e-01
-2.306490432105625099e-01
-3.255005151163347654e-01
-4.258821569447151512e-01
-5.294331230969271385e-01
-6.331321359459285425e-01
-7.334278085172915018e-01
-8.270218657013925778e-01
-9.102780410349546880e-01
-9.794077871968482896e-01
-1.031054493081159595e+00
-1.062581221878069027e+00
-1.071518833530624937e+00
-1.055978912523297231e+00
-1.014873563463274397e+00
-9.475351864335550545e-01
-8.546934006941903084e-01
-7.384124457303569145e-01
-6.011411307784015889e-01
-4.467465105903777878e-01
-2.793465391549500576e-01
-1.038516151945994420e-01
7.443606550324687043e-02
2.499789063339658557e-01
4.169445516104868243e-01
5.701845359730165486e-01
7.043640942937408056e-01
8.150380878752405689e-01
8.987481615816875768e-01
9.524811893019650144e-01
9.741320223088194563e-01
9.630911855854026316e-01
9.196803082658563389e-01
8.459582304528339147e-01
7.447472451604797428e-01
6.199090230154498116e-01
4.758748409136297486e-01
3.178394805372999343e-01
1.515731767124306184e-01
-1.660437736714921383e-02
-1.801232178858704902e-01
-3.335643120269278228e-01
-4.707800348622427911e-01
-5.868622421377241993e-01
-6.776239020113525857e-01
-7.398438669579469051e-01
-7.714114247747791975e-01
-7.715741719738856697e-01
-7.405288856460119362e-01
-6.791630585541363896e-01
-5.903528241230542317e-01
-4.778820281931457359e-01
-3.461096974562556383e-01
-2.005810656790088520e-01
-4.649107795516300989e-02
1.101352357279038463e-01
2.632512973654397848e-01
4.067129917184544863e-01
5.352723266563774729e-01
6.439833365811274968e-01
7.288843196104508593e-01
7.863914080235031578e-01
8.145161121781093749e-01
8.120140466181627881e-01
7.787476006174018917e-01
7.157237065522101815e-01
6.252464289021052446e-01
5.106347524709002883e-01
3.763258694278120986e-01
2.271059318945684580e-01
6.854779440311419003e-02
-9.390968785039517652e-02
-2.533328458337696931e-01
-4.041078524421090612e-01
-5.407054849284959053e-01
-6.578879715907571812e-01
-7.505810215741191005e-01
-8.157231547246074355e-01
-8.505158948809696806e-01
-8.535997349558619440e-01
-8.244105423953080880e-01
-7.638294289925713354e-01
-6.737592190520509394e-01
-5.576100852537603236e-01
-4.195664537493729029e-01
-2.651512679793110450e-01
-9.981987088945615261e-02
7.002179071202249694e-02
2.381809037226169656e-01
3.987370965523038824e-01
5.451636807129843776e-01
6.717326672045800251e-01
7.736574828955755656e-01
8.468311351913613283e-01
8.883450665035615978e-01
8.964913387256295829e-01
8.709113919871617204e-01
8.121159464866485322e-01
7.223002965162567124e-01
6.050058734796319726e-01
4.646931252567199633e-01
3.071451433573658685e-01
1.379573816581214363e-01
-3.652111882735422504e-02
-2.088505101140547826e-01
-3.725641216793722510e-01
-5.214736841491420805e-01
-6.495738977576417383e-01
-7.521383981220431947e-01
-8.250965085423406231e-01
-8.650325197209381978e-01
-8.699494309935671410e-01
-8.401228699523972665e-01
-7.761172866481040877e-01
-6.806201155258594371e-01
-5.570916363668462212e-01
-4.104979497194536919e-01
-2.458897530327759928e-01
-6.990984078259165901e-02
1.108254904916911865e-01
2.899559571887047049e-01
4.598959094533520142e-01
6.144239331053307218e-01
7.477215098648904990e-01
8.546000851919675068e-01
9.306592925853403031e-01
9.731042595424590491e-01
9.808448171026680207e-01
9.534773962247116152e-01
8.924024816445486064e-01
8.000864875952022892e-01
6.797300311320030319e-01
5.362031069579062947e-01
3.745979644220217009e-01
2.010639472673987904e-01
2.227913162732056071e-02
-1.551675172791154578e-01
-3.244513221919666512e-01
-4.793886010799904840e-01
-6.137479676423106545e-01
-7.230212588051605493e-01
-8.030371509108605865e-01
-8.508478297589097128e-01
-8.652006057150971596e-01
-8.456955804877083205e-01
-7.933264936912739484e-01
-7.105855688644429069e-01
-6.012022975298773053e-01
-4.697494453258280744e-01
-3.212146929239553250e-01
-1.617189484666245181e-01
2.360028410866904427e-03
1.638106386928925573e-01
3.168107181067226219e-01
4.550571671282186426e-01
5.730111166449698423e-01
6.663241063714989698e-01
7.309683990091833117e-01
7.645067925190409674e-01
7.650888658969324796e-01
7.326908637695603854e-01
6.686376584876083662e-01
5.754609276079236668e-01
4.569090136447768180e-01
3.174558483976676060e-01
1.627022720492694030e-01
-1.799952661167599031e-03
-1.687981978872105659e-01
-3.317013800713274896e-01
-4.843275148805278318e-01
-6.199883705511324283e-01
-7.332934446362455727e-01
-8.195677652922290779e-01
-8.752469353666119112e-01
-8.977453367113030769e-01
-8.858635400964620654e-01
-8.395565325546271440e-01
-7.604679504935464296e-01
-6.511891021833259297e-01
-5.158229261199072102e-01
-3.597221105551031139e-01
-1.885281981242561133e-01
-8.468213604191959093e-03
1.736721823130639997e-01
3.516200234010390391e-01
5.186519120017486495e-01
6.680196797085670157e-01
7.940767462002714661e-01
8.921644371469136248e-01
9.589703110796993224e-01
9.915468053728667686e-01
9.890939315563842538e-01
9.517876668161326936e-01
8.809868581978469448e-01
7.795418215919381888e-01
6.513732725972218862e-01
5.015090683473554245e-01
3.358396688858569790e-01
1.602580838083570713e-01
-1.815041269063495319e-02
-1.925204445201840753e-01
-3.566675556675281134e-01
-5.043486445767977333e-01
-6.303699347176772161e-01
-7.302261674164807204e-01
-8.005397298057497224e-01
-8.386697807213142619e-01
-8.442423868614954419e-01
-8.172329374972300275e-01
-7.595938365357627342e-01
-6.738127448268823594e-01
-5.637311079024540650e-01
-4.336446106109070886e-01
-2.893745071563448845e-01
-1.368514387313419789e-01
1.789506167805069575e-02
1.682428358975232852e-01
3.086141074108060267e-01
4.340574979938398581e-01
5.392938526999198068e-01
6.204591294362152842e-01
6.744012828960980199e-01
6.995415497539438920e-01
6.952689762404269391e-01
6.618213434198917389e-01
6.009932747651475227e-01
5.154388614662304136e-01
4.084611107217907544e-01
2.843649977139628970e-01
1.477711316239801453e-01
4.058657596046262063e-03
-1.415164686792847182e-01
-2.832948890108883400e-01
-4.162285591286857822e-01
-5.352445589368544088e-01
-6.365467062906206008e-01
-7.163071864695376156e-01
-7.720411660158126299e-01
-8.014003433494769624e-01
-8.039193085642530878e-01
-7.795440503922707043e-01
-7.293072467684386107e-01
-6.550465049878465562e-01
-5.587966226330094432e-01
-4.431367468854107705e-01
-3.114897813889642708e-01
-1.673076388786912949e-01
-1.468852041764562820e-02
1.430162785900220834e-01
3.024071798007192946e-01
4.597249685246836415e-01
6.122394102439414620e-01
7.575428833899562342e-01
8.927583531239354775e-01
1.016170955259707132e+00
1.126364530978548606e+00
1.222121504708368223e+00
1.303004314928020158e+00
1.368469490614748096e+00
1.418506602884088919e+00
1.452949517989642558e+00
1.471811778978092677e+00
1.475739854819133390e+00
1.465616683490182703e+00
1.441571546265713488e+00
1.404294248579281534e+00
1.354538304224457645e+00
1.292657400331684414e+00
1.219395042744473079e+00
1.135288797719059550e+00
1.040916733592263110e+00
9.372585122317367290e-01
8.249736493018817729e-01
7.052061436378438408e-01
5.790160402857899014e-01
4.473337514748951804e-01
3.115034616306154303e-01
1.733552921498492383e-01
3.408317618904878332e-02
-1.043474525556386118e-01
-2.403535320831752253e-01
-3.721626227865196812e-01
-4.984604690671241567e-01
-6.175616184187143753e-01
-7.276511607109471536e-01
-8.277144648038421426e-01
-9.164925905621885693e-01
-9.932279230576511742e-01
-1.057634162612747453e+00
-1.109191286168796919e+00
-1.148681869091644492e+00
-1.176328317038557225e+00
-1.192965922588049787e+00
-1.199504954080468755e+00
-1.196864882711939471e+00
-1.186495245901495021e+00
-1.169424661690135148e+00
-1.147371953866588967e+00
-1.121729110570133914e+00
-1.093964372818696962e+00
-1.065672227416173845e+00
-1.038004117041242402e+00
-1.011856419946966623e+00
-9.882729821722587848e-01
-9.680096525628330006e-01
-9.512457656290933539e-01
-9.385604930496828091e-01
-9.296355561750088148e-01
-9.244869264631928596e-01
-9.231200522815370402e-01
-9.250672822999648215e-01
-9.300700224313087627e-01
-9.371019786415207831e-01
-9.458990663777142593e-01
-9.559043386686969512e-01
-9.663463242553386179e-01
-9.769419250491918616e-01
-9.870955310451545728e-01
-9.963247575671477785e-01
-1.004557835387185571e+00
-1.010882822603010878e+00
-1.015364259325098883e+00
-1.017487236380463678e+00
-1.017364392398227624e+00
-1.014855097387850069e+00
-1.009919641481277219e+00
-1.002412796478475698e+00
-9.926125774084133546e-01
-9.807981884797061234e-01
-9.673041994995967841e-01
-9.525532715935036698e-01
-9.365894942973389536e-01
-9.196707190292963130e-01
-9.023443214236532839e-01
-8.850222175042881112e-01
-8.679394648073591734e-01
-8.517708396708247864e-01
-8.369257552815945189e-01
-8.236713332796933296e-01
-8.126138759540264545e-01
-8.039219136709474522e-01
-7.980848536360656276e-01
-7.951116334851916490e-01
-7.952808896488313684e-01
-7.985300759773783508e-01
-8.046984524882443424e-01
-8.138181993710713602e-01
-8.253874593484772371e-01
-8.386894702143425917e-01
-8.535795169062760923e-01
-8.694235791345867881e-01
-8.854027647621338648e-01
-9.012717983244068476e-01
-9.164433079588804043e-01
-9.310151690546896175e-01
-9.439326679676582899e-01
-9.555024734870608549e-01
-9.655941077586337462e-01
-9.743678628714244061e-01
-9.822594835397840951e-01
-9.897436729428341629e-01
-9.972750849901715897e-01
-1.005381492462384951e+00
-1.014544194500318852e+00
-1.025483601201901518e+00
-1.038709583544779935e+00
-1.054471619038820362e+00
-1.072400666004271530e+00
-1.092572442724921711e+00
-1.114071663335785667e+00
-1.136137534670301097e+00
-1.158062340777216814e+00
-1.178004801010594793e+00
-1.194693742704050710e+00
-1.206263669961310514e+00
-1.210874596345729914e+00
-1.206396742542982459e+00
-1.191335413467002668e+00
-1.163763507051208235e+00
-1.122071022193771750e+00
-1.065276821511677241e+00
-9.926867932879799294e-01
-9.043462758315482519e-01
-8.006473732361392148e-01
-6.828341174495039523e-01
-5.528990122593570034e-01
-4.128279968131631783e-01
-2.654827073206338928e-01
-1.135742229834048739e-01
3.961469094722641637e-02
1.899962594547199846e-01
3.342961123790705869e-01
4.690754751224125441e-01
5.908074451589314657e-01
6.961880441710495138e-01
7.822616398345841882e-01
8.463926141283242277e-01
8.874156334912637334e-01
9.041545341949265291e-01
8.962313320712221865e-01
8.640537876129819050e-01
8.087815881174607036e-01
7.318489668968735096e-01
6.351608781005083637e-01
5.215794952716509281e-01
3.937934180228613301e-01
2.556099294127206489e-01
1.102665615971187146e-01
-3.882801039669711574e-02
-1.886554251632844570e-01
-3.351425565229138037e-01
-4.756292536868408916e-01
-6.074123078040163382e-01
-7.283379826437161864e-01
-8.365516208289749400e-01
-9.306105082910280935e-01
-1.009830787398788399e+00
-1.073833847578094414e+00
-1.122762810786146481e+00
-1.157370726412082718e+00
-1.178304648188182924e+00
-1.187599912251260381e+00
-1.186559302646727598e+00
-1.177122070681708710e+00
-1.161613381202743378e+00
-1.141922019020428891e+00
-1.120010947785082589e+00
-1.097139370154390559e+00
-1.075116773362449152e+00
-1.055680313622237243e+00
-1.039633978096269118e+00
-1.028146754960586717e+00
-1.021685284165022134e+00
-1.020831322861379453e+00
-1.025583999522541090e+00
-1.035910776665669664e+00
-1.051218689618304669e+00
-1.070804581008518941e+00
-1.093773481001374615e+00
-1.119343087881953247e+00
-1.146290229085852097e+00
-1.173424310058370335e+00
-1.199515194185099221e+00
-1.223635869030074597e+00
-1.244525559117333868e+00
-1.260859477006966767e+00
-1.271992622675456097e+00
-1.277561751951085123e+00
-1.276703903586699829e+00
-1.269538851349188535e+00
-1.256108712689071316e+00
-1.236862452802104828e+00
-1.212390520827570706e+00
-1.183609372648370961e+00
-1.151391655229797584e+00
-1.117171332843474918e+00
-1.081885379365746802e+00
-1.046482645981579696e+00
-1.012186369860583524e+00
-9.799175681742159361e-01
-9.507422046626581302e-01
-9.253142626899725220e-01
-9.040931875135349571e-01
-8.878647093939658896e-01
-8.766039445408969621e-01
-8.699308798131377696e-01
-8.682217961435565456e-01
-8.711310485173205942e-01
-8.780049814140473696e-01
-8.880855226326224150e-01
-9.009581841826728166e-01
-9.158514875853905890e-01
-9.318766244876579563e-01
-9.480430332980186448e-01
-9.632296454170311550e-01
-9.765390392491513083e-01
-9.875419762791642908e-01
-9.957636032750524224e-01
-1.000600129949308359e+00
-1.002512707073180520e+00
-1.001021963463306408e+00
-9.963214403184846857e-01
-9.887062547643776789e-01
-9.784922316625357386e-01
-9.662339615222309552e-01
-9.531426971072787246e-01
-9.398963497128776101e-01
-9.276404249565928239e-01
-9.172640893023474851e-01
-9.096542103776704691e-01
-9.056423044027569480e-01
-9.061282382434164839e-01
-9.118425347162222305e-01
-9.228841649585867168e-01
-9.389699459699516471e-01
-9.601050804161156416e-01
-9.854005853799011616e-01
-1.014150291429709139e+00
-1.045460580875392065e+00
-1.077877769958006438e+00
-1.110021124360307976e+00
-1.140123092318903408e+00
-1.166167907607026377e+00
-1.186587964714882482e+00
-1.199605393417729537e+00
-1.203517479263892964e+00
-1.196850832186503233e+00
-1.178362653832133011e+00
-1.147132349968142950e+00
-1.102260243628185421e+00
-1.043600991857717597e+00
-9.710992312451078856e-01
-8.853545593878153763e-01
-7.870119893623146456e-01
-6.771938108347459462e-01
-5.571917099026636455e-01
-4.289156461256636299e-01
-2.940174130662877028e-01
-1.542897571168557191e-01
-1.194225310145390594e-02
1.309875607450161628e-01
2.727838739764869014e-01
4.116996145272047714e-01
5.462970237310412758e-01
6.747618076080108551e-01
7.957634051288713373e-01
9.078544065638849414e-01
1.010140374403183827e+00
1.101491065003145753e+00
1.181405390431571112e+00
1.249202217480316346e+00
1.304272946496785934e+00
1.346544207740675736e+00
1.375800082031163107e+00
1.391356324780191001e+00
1.393641197623425088e+00
1.382450001911886606e+00
1.357980252035277724e+00
1.320050124805528524e+00
1.268924380559034004e+00
1.204967887765720613e+00
1.128555962259966794e+00
1.040309778696661747e+00
9.411502959350652731e-01
8.317023346814440554e-01
7.131303185813094858e-01
5.867591636584242876e-01
4.541973776322171252e-01
3.169411906038360205e-01
1.769651403584901472e-01
3.596758902844231914e-02
-1.041259534465717035e-01
-2.410706295287538548e-01
-3.732706982548794628e-01
-4.987471423036532459e-01
-6.158071599352450409e-01
-7.229358811452539779e-01
-8.192259348079656833e-01
-9.036638106839488538e-01
-9.758151410073226950e-01
-1.035352235136660637e+00
-1.082577374503325363e+00
-1.117755862871318007e+00
-1.141795182508788642e+00
-1.155501696655770516e+00
-1.160385303240728083e+00
-1.157750464990831007e+00
-1.148837549468427977e+00
-1.134877336855094399e+00
-1.117312269685286852e+00
-1.097095499865185397e+00
-1.075598155188955074e+00
-1.053901703938523449e+00
-1.033066489639297370e+00
-1.013807917641178946e+00
-9.965133350719416194e-01
-9.816260299838140968e-01
-9.694554112037863103e-01
-9.595637695589537275e-01
-9.522348175552786120e-01
-9.471974578080936125e-01
-9.443502525900948630e-01
-9.436313123060466879e-01
-9.443893460295650355e-01
-9.459709996475407223e-01
-9.479403519199749439e-01
-9.500295725246342693e-01
-9.521275313417399966e-01
-9.536842340435615073e-01
-9.542667119135180842e-01
-9.541728492180466814e-01
-9.527768474304459945e-01
-9.500089332752474913e-01
-9.460999847937126006e-01
-9.409971310074382034e-01
-9.349034903329359603e-01
-9.282797564099530829e-01
-9.213800012010452400e-01
-9.149431066306186189e-01
-9.092485835039452180e-01
-9.051141648905479675e-01
-9.033070278537659314e-01
-9.038126094836770319e-01
-9.076226457583757012e-01
-9.145546968404758559e-01
-9.251226797355449616e-01
-9.396529250792104992e-01
-9.580349141368504906e-01
-9.796269920210763926e-01
-1.003943342664890048e+00
-1.030071265962277938e+00
-1.056920626649301198e+00
-1.082676192988643482e+00
-1.105831871171083280e+00
-1.124332982960823957e+00
-1.136280515719592099e+00
-1.139712082516277647e+00
-1.132284230215647058e+00
-1.112530823129205038e+00
-1.078654287676046764e+00
-1.029086497220442320e+00
-9.632615747749783131e-01
-8.805548969673432369e-01
-7.812100313752385894e-01
-6.660125351814980554e-01
-5.361822213015589034e-01
-3.937232258353760561e-01
-2.409331696027644243e-01
-8.116631198089171995e-02
8.194653947883474843e-02
2.446084280698277436e-01
4.027784823601817110e-01
5.522576260832834372e-01
6.885378498669322278e-01
8.076860511273136201e-01
9.060129346542947770e-01
9.806636446464783718e-01
1.029342302538099219e+00
1.050360347681709383e+00
1.042990816145295430e+00
1.007689175119904856e+00
9.452008112598597744e-01
8.572674126277928242e-01
7.463039025941023974e-01
6.159476223245687887e-01
4.699068692955503668e-01
3.121247113637542481e-01
1.475497316586542595e-01
-1.944530464994359553e-02
-1.844487888312146828e-01
-3.432421900878367405e-01
-4.922116611907915162e-01
-6.281481050195134586e-01
-7.488412261070785947e-01
-8.520968119117852124e-01
-9.365822024210501695e-01
-1.002110870016444943e+00
-1.048975205642245445e+00
-1.078364795514410668e+00
-1.092021492116423520e+00
-1.091926835317520661e+00
-1.080391794458782639e+00
-1.059964613456445104e+00
-1.033348379998326294e+00
-1.003132428785647789e+00
-9.723412314839853243e-01
-9.427933532242968040e-01
-9.167527096164962419e-01
-8.957803367086563107e-01
-8.812554339501523781e-01
-8.736345069608902891e-01
-8.727991464031095159e-01
-8.790756970815647442e-01
-8.910910308242175892e-01
-9.086694751674452286e-01
-9.297485190872947225e-01
-9.534443414916241588e-01
-9.785542082643429174e-01
-1.003516400481612392e+00
-1.026255811392720707e+00
-1.046253472899485004e+00
-1.062289134079554831e+00
-1.073651265136972510e+00
-1.080003720603448070e+00
-1.080826296029322675e+00
-1.076794170076661006e+00
-1.067938567818956352e+00
-1.054973118317537706e+00
-1.038738916861348560e+00
-1.020749811447406508e+00
-1.001783831602580221e+00
-9.828935283056740024e-01
-9.654336625303776565e-01
-9.507196525045558122e-01
-9.394365584280440773e-01
-9.320863273009684091e-01
-9.289597747222356761e-01
-9.298481434661658440e-01
-9.355893285124747827e-01
-9.451835199305799184e-01
-9.582814511687721692e-01
-9.741272948146741939e-01
-9.918496887494278047e-01
-1.010243591710461297e+00
-1.028775103069159647e+00
-1.046198560953699230e+00
-1.061647450783453461e+00
-1.074251564237652889e+00
-1.083435955773906390e+00
-1.088303225523413076e+00
-1.088818392953348146e+00
-1.084806996096713272e+00
-1.076176533452186002e+00
-1.063537172156585164e+00
-1.047606747563949225e+00
-1.028793026965928226e+00
-1.008049578751796238e+00
-9.859365712667402804e-01
-9.635017396899010489e-01
-9.414352650726749427e-01
-9.210896376474256853e-01
-9.024411308660683639e-01
-8.866775158088865405e-01
-8.744971307012896489e-01
-8.663038403581868607e-01
-8.628787106328401624e-01
-8.636545012587069081e-01
-8.690978810122574894e-01
-8.792309883547747562e-01
-8.940985376544423602e-01
-9.138999904897139315e-01
-9.378667657948562830e-01
-9.652074013798391805e-01
-9.954252332888514632e-01
-1.027934077976603078e+00
-1.061965444788111945e+00
-1.096645813958951221e+00
-1.131187640705580977e+00
-1.164180093178344366e+00
-1.194453877149882493e+00
-1.220909569653289672e+00
-1.241753270653563446e+00
-1.255438449639298737e+00
-1.259802465673695915e+00
-1.253831093467874025e+00
-1.235762850233653731e+00
-1.204114393339491995e+00
-1.157110258183084772e+00
-1.094797505852685093e+00
-1.015561944214430135e+00
-9.192268462937770446e-01
-8.061945453051564403e-01
-6.772878933106375454e-01
-5.337865756717985466e-01
-3.780377838933138279e-01
-2.119834465013017144e-01
-3.916173863694945301e-02
1.366023222024043415e-01
3.111265948804356474e-01
4.800012563515480557e-01
6.385977504521170856e-01
7.817819269754866518e-01
9.056364491767076030e-01
1.005685492881766452e+00
1.078901475563089907e+00
1.122251402038574541e+00
1.134112254325022162e+00
1.113387369142653238e+00
1.060030047187942470e+00
9.759214115982197679e-01
8.629259766421710776e-01
7.243866324632426412e-01
5.644630627650613075e-01
3.881542337124856967e-01
2.016376574255762666e-01
1.062285225308752350e-02
-1.784626810135041819e-01
-3.591771548407663994e-01
-5.257249024337217191e-01
-6.723621286767375027e-01
-7.942805952273659376e-01
-8.876693516070885970e-01
-9.499176815515987249e-01
-9.793669687970213422e-01
-9.749605178073653677e-01
-9.380144902211754454e-01
-8.698030961780349735e-01
-7.730163970896950509e-01
-6.519365695993482035e-01
-5.106805895448994770e-01
-3.542490393215066424e-01
-1.881022166474712876e-01
-1.767636767200491538e-02
1.509100452275797810e-01
3.128066358982307671e-01
4.628925896852376098e-01
5.973173959146083067e-01
7.127856339859590662e-01
8.065979618656958783e-01
8.772292144649728174e-01
9.237832310007962899e-01
9.462752669076928136e-01
9.456773421511524003e-01
9.237442725750917294e-01
8.828611683561879975e-01
8.258648926748989316e-01
7.558741850844408194e-01
6.760710534381104697e-01
5.900985201486976806e-01
5.005428325431038328e-01
4.110273120193616569e-01
3.242997134712539142e-01
2.431589116406463191e-01
1.695654227884638710e-01
1.049940506716886962e-01
5.037185133831929840e-02
6.351293961543919182e-03
-2.683438592731802325e-02
-4.979097622908404408e-02
-6.311173006453368872e-02
-6.832815750305507030e-02
-6.562771923081518743e-02
-5.674318270817545889e-02
-4.341665223879875857e-02
-2.687600292896915113e-02
-8.952091554731278836e-03
9.438971168017541713e-03
2.708499999034349320e-02
4.320511464504115523e-02
5.680155972007776277e-02
6.774083160528776570e-02
7.533061627988345277e-02
7.978410703310342966e-02
8.054578530415425208e-02
7.823755625832672089e-02
7.288113833155866750e-02
6.510511374778071847e-02
5.507674541076558461e-02
4.394825013111103296e-02
3.204330906545518887e-02
1.965735142825386292e-02
7.637598652135688983e-03
-3.548605680895656946e-03
-1.390120233499028343e-02
-2.286407721336624135e-02
-3.059136136487214733e-02
-3.687467570159157215e-02
-4.201150712262013281e-02
-4.586244519100491496e-02
-4.912214122585051301e-02
-5.152466116092204590e-02
-5.324994234705537899e-02
-5.524778853553535124e-02
-5.748276879265697137e-02
-6.003419685933181205e-02
-6.293244419029844772e-02
-6.640519479598128161e-02
-7.013958469812152374e-02
-7.440178739685079923e-02
-7.897586174313850349e-02
-8.334765353399684051e-02
-8.751277955828078159e-02
-9.148926656343080166e-02
-9.458976887640044295e-02
-9.680440268806998760e-02
-9.781507677735970518e-02
-9.791764499665495114e-02
-9.695178551106457820e-02
-9.447405128444208433e-02
-9.059023202176226530e-02
-8.560780638117684860e-02
-7.961271322181620591e-02
-7.289525063216947820e-02
-6.576726742655959745e-02
-5.844098486592395891e-02
-5.137957483570124856e-02
-4.480207203107925557e-02
-3.943882062213635575e-02
-3.519926616163046584e-02
-3.194632934141947850e-02
-3.044728615809388916e-02
-3.090676691202246321e-02
-3.348455817370356302e-02
-3.806901303166809747e-02
-4.448387141475938777e-02
-5.292190598114836220e-02
-6.284187392365593594e-02
-7.388062879721599141e-02
-8.603647765251726254e-02
-9.899577890332401930e-02
-1.123169016568403289e-01
-1.260929158416085605e-01
-1.389944885332831670e-01
-1.508502997550008606e-01
-1.614362996994332666e-01
-1.701136447348999825e-01
-1.769394827935996117e-01
-1.815876943132664345e-01
-1.834982154049722425e-01
-1.828092556088924125e-01
-1.793044492005528845e-01
-1.729897194578020603e-01
-1.640268343109189952e-01
-1.524223020802539241e-01
-1.387086727233407257e-01
-1.228051642757694711e-01
-1.052414955854332479e-01
-8.584580562283486427e-02
-6.542539676852913988e-02
-4.425875675983225593e-02
-2.288099933667937097e-02
-1.946350421282802383e-03
1.831441405448877915e-02
3.735033733038940068e-02
5.461267672462656597e-02
6.943299921776234507e-02
8.159302772270528303e-02
9.108527841499212963e-02
9.766655988792807830e-02
1.012485500384564113e-01
1.017292556356591965e-01
9.951623233182091410e-02
9.469298021553819444e-02
8.724181130390677719e-02
7.801251261914582402e-02
6.723846666718963361e-02
5.552952588457005928e-02
4.333372794792722527e-02
3.088089399323029963e-02
1.828735433656922607e-02
6.265042674352851518e-03
-5.050804402441591220e-03
-1.525727110188491997e-02
-2.430752841885129578e-02
-3.208988565913269836e-02
-3.791015001207658636e-02
-4.201476620823425129e-02
-4.466808700422344319e-02
-4.563450412719392835e-02
-4.533751844237780826e-02
-4.453978050889954160e-02
-4.298735346496815324e-02
-4.108655559397979273e-02
-3.926810696271450934e-02
-3.824032804314247969e-02
-3.772252520022885414e-02
-3.802786455467973420e-02
-3.943963914783338298e-02
-4.242487472395537612e-02
-4.668474856145077290e-02
-5.207970296230435281e-02
-5.887787203746930320e-02
-6.612903267478445479e-02
-7.393736316366980588e-02
-8.190401581286035904e-02
-8.958000792008626034e-02
-9.673870720266958267e-02
-1.028381758291212339e-01
-1.073537770642410683e-01
-1.101600235828335134e-01
-1.105499106061713227e-01
-1.088268179654590107e-01
-1.042471667621785864e-01
-9.705882174726992995e-02
-8.681052370448000266e-02
-7.378382677302756931e-02
-5.823484189952650436e-02
-4.074017015843504202e-02
-2.157763166469047617e-02
-1.033422711384059502e-03
2.043064820955013683e-02
4.198491207730874197e-02
6.326622856155025842e-02
8.343228996435939071e-02
1.020854084480826846e-01
1.189702622095194506e-01
1.331616731438752810e-01
1.446903048486276877e-01
1.532004501489191983e-01
1.586653676795461154e-01
1.610643826883223217e-01
1.611668117139483936e-01
1.591752314735701002e-01
1.556391221517892109e-01
1.508688077420493323e-01
1.454561064411856453e-01
1.395929549488537924e-01
1.340520455094026675e-01
1.293960301823423031e-01
1.269204760299243173e-01
1.262622670968566174e-01
1.279920347189369145e-01
1.319355107775022073e-01
1.387469990532557429e-01
1.476868877051018825e-01
1.589627683427012050e-01
1.723977055750742782e-01
1.876951096354376181e-01
2.038772331067340848e-01
2.205412922664631292e-01
2.371656259665211874e-01
2.531590191480117547e-01
2.677658700850331641e-01
2.803855520641713173e-01
2.903217855923249102e-01
2.968574078098439872e-01
2.992330954132405019e-01
2.971482318263861111e-01
2.897409240690635435e-01
2.766440089205535191e-01
2.575031502169713438e-01
2.313333575342920168e-01
1.983561866629293957e-01
1.580273980521869348e-01
1.102350875429345400e-01
5.494776963180493523e-02
-7.112847482313460271e-03
-7.591599247984381904e-02
-1.507924316774182372e-01
-2.306700159888642188e-01
-3.141589176524134941e-01
-3.998546265587201165e-01
-4.861949548613431760e-01
-5.710228004493294041e-01
-6.523212446439136114e-01
-7.276782745318938206e-01
-7.944962346535399123e-01
-8.501854461717943678e-01
-8.925777040335983736e-01
-9.193759671387482513e-01
-9.284300500846583981e-01
-9.180780725926913632e-01
-8.871961269078890711e-01
-8.352490568408549310e-01
-7.627824831062122168e-01
-6.707029032514750799e-01
-5.606877103803715734e-01
-4.350690832605307867e-01
-2.969969377083721551e-01
-1.504228802093326434e-01
3.659756551202012430e-04
1.507411751193562799e-01
2.953177612511008743e-01
4.294422577890777415e-01
5.479251986558822951e-01
6.468699400005675226e-01
7.220955208277807236e-01
7.703379518334851905e-01
7.894612835627605740e-01
7.782109928058988935e-01
7.362429120939913973e-01
6.645933143765945239e-01
5.648123099966141369e-01
4.405484810210744118e-01
2.960450779750006256e-01
1.361307218190759005e-01
-3.313415780870394844e-02
-2.055428520406411830e-01
-3.742767836713351559e-01
-5.333390271451603493e-01
-6.761657031746436397e-01
-7.971101799320294834e-01
-8.912248087671588159e-01
-9.544337951344816773e-01
-9.837774972778995375e-01
-9.779186022208350426e-01
-9.368646419094320832e-01
-8.618154481571737024e-01
-7.556713929688960718e-01
-6.222957398542048324e-01
-4.664724625932763491e-01
-2.943639407566271404e-01
-1.126418920760379888e-01
7.233285988135468303e-02
2.530076365461472743e-01
4.221623753610933005e-01
5.740987375874579968e-01
7.024603691235792313e-01
8.029676645758088149e-01
8.714426558349286367e-01
9.053330335448114274e-01
9.037930597117710407e-01
8.669188360217763289e-01
7.967340023265901960e-01
6.965865607799611725e-01
5.706747281138422334e-01
4.242830485119351569e-01
2.635086912906103307e-01
9.495570358450637627e-02
-7.456469004108567944e-02
-2.380362061833365128e-01
-3.889427525950526210e-01
-5.209950047890515856e-01
-6.291216434760699139e-01
-7.088019919042394257e-01
-7.570556818019664735e-01
-7.715963157976696296e-01
-7.521166031119143058e-01
-6.994353514456467247e-01
-6.155043183614160585e-01
-5.038276432577285524e-01
-3.687988547564977626e-01
-2.154610904340030497e-01
-4.997618986013536296e-02
1.211856165921387229e-01
2.908528761316812039e-01
4.527965778181295420e-01
6.003558238516548684e-01
7.277916919583875544e-01
8.299915682738937539e-01
9.028002937060529698e-01
9.440399191694083258e-01
9.517048481743336508e-01
9.253749338573979966e-01
8.662845555093545702e-01
7.765605797368817509e-01
6.594750898740605605e-01
5.189040141104506176e-01
3.605316784466659485e-01
1.898531484572591188e-01
1.332603049251839845e-02
-1.624057403026133994e-01
-3.303569610979365523e-01
-4.853430969877458590e-01
-6.213064477730511070e-01
-7.335424924529084789e-01
-8.176932973336306087e-01
-8.710079039200966378e-01
-8.912599717697636814e-01
-8.782844290514998375e-01
-8.322192962217673795e-01
-7.552262227796329164e-01
-6.502080136323504789e-01
-5.210158864097408360e-01
-3.729681674270937664e-01
-2.114362800269105058e-01
-4.309821589932915503e-02
1.254936777789548152e-01
2.881937292589161204e-01
4.390788865092686843e-01
5.717622956649243138e-01
6.814084821612194087e-01
7.634683612588314405e-01
8.147182984972328734e-01
8.332185906513344120e-01
8.180670286896590815e-01
7.695015271539381585e-01
6.893337981963398864e-01
5.802193108980182590e-01
4.462157360200412204e-01
2.924330435662369498e-01
1.247139672377598207e-01
-5.044754127333475613e-02
-2.263661474587240208e-01
-3.962074632092123516e-01
-5.535617340105363215e-01
-6.924106341205139570e-01
-8.069348288607576247e-01
-8.923704814398709662e-01
-9.458203525163104697e-01
-9.651054609351515934e-01
-9.489343844223578905e-01
-8.986624472479863845e-01
-8.154185105889496521e-01
-7.029077054272739877e-01
-5.647502211783362869e-01
-4.061251220003732620e-01
-2.332258444969046440e-01
-5.230955828219632786e-02
1.296202464736020687e-01
3.061813143626413991e-01
4.705354232165027684e-01
6.167339690434449073e-01
7.395162662552653421e-01
8.341767671165527531e-01
8.971948493722475826e-01
9.263585067593713696e-01
9.207854858150228416e-01
8.809963182173959906e-01
8.084094903465885995e-01
7.060881078221823426e-01
5.781163118014234215e-01
4.298346384309678636e-01
2.667292895673128439e-01
9.538318102576680280e-02
-7.790446210362052260e-02
-2.463136141927841083e-01
-4.033547055437723960e-01
-5.428207962684368226e-01
-6.593512579955282948e-01
-7.486991947067304087e-01
-8.074124793270940348e-01
-8.331789193479511857e-01
-8.252982921849383313e-01
-7.837525863611920496e-01
-7.101737558544681805e-01
-6.074751560749225288e-01
-4.792845230126513423e-01
-3.302996146213624806e-01
-1.665962798831194525e-01
5.970009185179413549e-03
1.807435383769805670e-01
3.509897658457217240e-01
5.100167273282975033e-01
6.520032847991256153e-01
7.708932350362246444e-01
8.625340606118155895e-01
9.232231735579239373e-01
9.503885936804118417e-01
9.427101409926128550e-01
9.008432285092073943e-01
8.257213642566101353e-01
7.203170204599381732e-01
5.886266920253923063e-01
4.356819667136543894e-01
2.670524523124419569e-01
8.932210574957777371e-02
-9.032587424410282173e-02
-2.652558197056877343e-01
-4.290149279210854205e-01
-5.747208307392790427e-01
-6.967965543535251660e-01
-7.903462287127674957e-01
-8.516621081636144286e-01
-8.780479758826947867e-01
-8.686022771812250687e-01
-8.231918952283014956e-01
-7.438193276364368778e-01
-6.330395581533911908e-01
-4.952606130240572169e-01
-3.358010881386293001e-01
-1.610914810292337074e-01
2.246772998088364046e-02
2.076780620166558122e-01
3.878307273484676854e-01
5.553567280967297570e-01
7.043537597472214751e-01
8.289670096508193753e-01
9.240161152028820712e-01
9.864822456228363734e-01
1.013647572913273676e+00
1.004450046994155743e+00
9.597970316867896479e-01
8.815001468869702039e-01
7.719370541731206403e-01
6.355714474189579910e-01
4.777390695436470880e-01
3.041620752421893004e-01
1.212706741561351276e-01
-6.454416671515141035e-02
-2.468131686644476075e-01
-4.195252649606273088e-01
-5.769427430938807166e-01
-7.137945772215441576e-01
-8.261380810702696476e-01
-9.112743371906971701e-01
-9.667658043170633819e-01
-9.915017037146703904e-01
-9.856962399235172922e-01
-9.501538383682623934e-01
-8.864594667348313362e-01
-7.973593407492618468e-01
-6.862903500727679518e-01
-5.566909137962703369e-01
-4.126401924490100681e-01
-2.584201000345438537e-01
-9.814302287411440229e-02
6.367659990227131361e-02
2.237493359509842850e-01
3.786024040447549810e-01
5.251539192023855218e-01
6.611225652948503617e-01
7.845087613161013662e-01
8.937648894489015339e-01
9.883512150517071992e-01
1.067826534272700689e+00
1.132070938336043664e+00
1.182009923667783902e+00
1.217552550504699571e+00
1.239492226122496987e+00
1.248566832045364894e+00
1.245847705705414699e+00
1.232006577193690555e+00
1.207559543918053535e+00
1.173133898289879795e+00
1.129270113632956818e+00
1.076221381095924245e+00
1.014454707898915675e+00
9.442075791610103908e-01
8.656070235459659701e-01
7.789112226517063142e-01
6.847507691361254256e-01
5.836547679310830627e-01
4.763948416706234035e-01
3.638120980004392324e-01
2.468315069884395307e-01
1.272602977847710481e-01
5.934752242496445403e-03
-1.152673824531838531e-01
-2.349267739636532459e-01
-3.513441451397993354e-01
-4.629553752059527572e-01
-5.681598101168970905e-01
-6.655115094863701675e-01
-7.541058210874808099e-01
-8.321778144415368228e-01
-8.993047551232670189e-01
-9.545260834573582320e-01
-9.982444293897347887e-01
-1.030245531433239048e+00
-1.051719359304196466e+00
-1.063388664598394762e+00
-1.066530914040898059e+00
-1.062475249552081502e+00
-1.053242574447220914e+00
-1.040058731584570628e+00
-1.024468980878223023e+00
-1.008373824785627759e+00
-9.930490134123687307e-01
-9.800914609245398035e-01
-9.704100500734644807e-01
-9.650210756114305788e-01
-9.647977123338308258e-01
-9.700531716281116656e-01
-9.804366800227183321e-01
-9.957624943435823273e-01
-1.015683543321321158e+00
-1.039084167424716432e+00
-1.065193268496701151e+00
-1.092731593473094343e+00
-1.120686700102520472e+00
-1.147664689820521389e+00
-1.173037491791259157e+00
-1.195556100729721516e+00
-1.214409137755047441e+00
-1.228896186668695378e+00
-1.238696637238236420e+00
-1.243140416871763909e+00
-1.242136321130135279e+00
-1.236133159910072443e+00
-1.225408469010492718e+00
-1.210253952356625362e+00
-1.191448487178218940e+00
-1.169771863169565940e+00
-1.145944592110653470e+00
-1.121296046182840067e+00
-1.096169140892290894e+00
-1.071573418306312586e+00
-1.048428798912450111e+00
-1.027226447724541414e+00
-1.009164683612244540e+00
-9.941087671692115935e-01
-9.825129701050945297e-01
-9.744692866741052617e-01
-9.700414959865651943e-01
-9.687126043794512809e-01
-9.701071818039550543e-01
-9.744511138554455831e-01
-9.809374030320376914e-01
-9.889401791659399032e-01
-9.976750830376125423e-01
-1.006708410726928626e+00
-1.015681108272190381e+00
-1.023679066955604400e+00
-1.030214765075916583e+00
-1.034804741903502467e+00
-1.037165873886995326e+00
-1.037178903153546772e+00
-1.034680867217317113e+00
-1.029386838691157102e+00
-1.021573195218371977e+00
-1.011318122926290863e+00
-9.990397986087063975e-01
-9.851020845461390119e-01
-9.701352767448482295e-01
-9.547360729154285020e-01
-9.393304407266852563e-01
-9.249490920077589884e-01
-9.128317906388446756e-01
-9.032910686844728421e-01
-8.968643984720630069e-01
-8.943163328342467189e-01
-8.957990023841301275e-01
-9.019736521456165335e-01
-9.127088556048843504e-01
-9.273241599562851434e-01
-9.457068760433133825e-01
-9.675028373580186747e-01
-9.916591627314235158e-01
-1.017187472839809814e+00
-1.042817366259615852e+00
-1.067550283398808419e+00
-1.089485810456654269e+00
-1.107015101558588510e+00
-1.118833811736867911e+00
-1.123620079687024154e+00
-1.119833292193287422e+00
-1.106224786510887848e+00
-1.081803762512768108e+00
-1.045627773847386477e+00
-9.971192223061444704e-01
-9.353485899572185902e-01
-8.603951654368590107e-01
-7.723337935753067374e-01
-6.718535144454096386e-01
-5.597017768602970955e-01
-4.372503645058721244e-01
-3.061545924930313967e-01
-1.678141401553042700e-01
-2.406192246859781281e-02
1.226691865134037634e-01
2.707216600720694921e-01
4.183398579682141571e-01
5.630156873088750791e-01
7.026609586909783323e-01
8.354667371883919280e-01
9.593296671887041605e-01
1.072696052058923932e+00
1.174062786524724400e+00
1.262325855648517514e+00
1.336511903009817370e+00
1.395641347565935053e+00
1.439191648544629887e+00
1.466993007982456021e+00
1.478704760262804729e+00
1.474544026226424664e+00
1.454861256218899612e+00
1.419767894594193169e+00
1.369861001400435097e+00
1.306029912023363160e+00
1.228835641190717087e+00
1.139111297472590767e+00
1.037737803713221663e+00
9.259808187818306946e-01
8.050592845603149472e-01
6.764271165697441912e-01
5.416472602206815479e-01
4.019489322928214703e-01
2.593010614119069523e-01
1.156359593359501531e-01
-2.729883511811841829e-02
-1.677975727887537349e-01
-3.044181234598764552e-01
-4.351663632144771032e-01
-5.587920093201423910e-01
-6.737329035943299127e-01
-7.789518887526155622e-01
-8.729612083775271092e-01
-9.550817460899141409e-01
-1.024729516830515275e+00
-1.081944110615584043e+00
-1.126616933027952960e+00
-1.158951241480582928e+00
-1.179875403539450529e+00
-1.190216850230461088e+00
-1.190687545288918292e+00
-1.182531227585636113e+00
-1.167440183733669423e+00
-1.146121511079621902e+00
-1.120295019132988124e+00
-1.091619906109298377e+00
-1.061829051291666826e+00
-1.031682610266351441e+00
-1.002613403965901373e+00
-9.755250621861800697e-01
-9.511546854377147531e-01
-9.302630874622775936e-01
-9.132180067919090094e-01
-9.003909791327890932e-01
-8.915541893237328708e-01
-8.867352134443740042e-01
-8.855400421856545190e-01
-8.873925179725886681e-01
-8.924161353987998258e-01
-8.996193869130489906e-01
-9.081342264969495259e-01
-9.176446664670895315e-01
-9.273730837336436883e-01
-9.365870255621892015e-01
-9.449014832380155937e-01
-9.516445333233654047e-01
-9.566138798982183333e-01
-9.596915017537634984e-01
-9.603747716779332810e-01
-9.592490869598652159e-01
-9.562895479289108547e-01
-9.523954867828177129e-01
-9.483927655796662304e-01
-9.439458737606493122e-01
-9.399857788127876645e-01
-9.378115781981926080e-01
-9.382140037835176027e-01
-9.415834542990719758e-01
-9.484113530958978577e-01
-9.590355253159763560e-01
-9.740543112077101329e-01
-9.928365834732804096e-01
-1.014835685717870195e+00
-1.039599711230046575e+00
-1.066123330947268411e+00
-1.093737530000831404e+00
-1.120921324817996334e+00
-1.146034629793170723e+00
-1.167757068639781792e+00
-1.183769244672245202e+00
-1.192761115861218135e+00
-1.192245417089520920e+00
-1.179983076743648995e+00
-1.154592543671715488e+00
-1.114448087523815190e+00
-1.058918173084119285e+00
-9.867326089572913128e-01
-8.983013057147145597e-01
-7.937212925912512373e-01
-6.739714383162201949e-01
-5.403906140208967201e-01
-3.956615489534990315e-01
-2.423293250808698784e-01
-8.324350314275018314e-02
7.766662454511746860e-02
2.364420802055143822e-01
3.893734101729860453e-01
5.323085203244151131e-01
6.613767313107832280e-01
7.730730906729107454e-01
8.641432915043093521e-01
9.321079051229267387e-01
9.746729762028750743e-01
9.911598912929815430e-01
9.803079472451905474e-01
9.428873941213954391e-01
8.798194163525260292e-01
7.932911686931876094e-01
6.855828466188188530e-01
5.600459246796927193e-01
4.200111966348016312e-01
2.693600744802938651e-01
1.120444739986681398e-01
-4.784319594915240753e-02
-2.060403679934176557e-01
-3.592333726050823128e-01
-5.040921136310730910e-01
-6.377026583513684121e-01
-7.578316905596453879e-01
-8.628720769513038569e-01
-9.520153379058167165e-01
-1.025097744259470200e+00
-1.081980791197512115e+00
-1.123637638041896203e+00
-1.151365673036239601e+00
-1.166706061815529383e+00
-1.171666292904836482e+00
-1.168126389354828376e+00
-1.157728784445249071e+00
-1.143033432242386072e+00
-1.125757491273563504e+00
-1.107847168617312583e+00
-1.090595378238615742e+00
-1.075220647074401015e+00
-1.062681851228830077e+00
-1.053279289825182374e+00
-1.047471868366306680e+00
-1.045453648902862298e+00
-1.046857513313219190e+00
-1.050851083960055554e+00
-1.057274460146652606e+00
-1.064970137674529083e+00
-1.072942105440337190e+00
-1.080035153168286577e+00
-1.085919980714734834e+00
-1.089908792680806648e+00
-1.091224911312869583e+00
-1.089892460441924893e+00
-1.085957935235682292e+00
-1.079013287957151457e+00
-1.069823071539356407e+00
-1.059097214567884526e+00
-1.046816343013162509e+00
-1.033097819435812470e+00
-1.018832577332007938e+00
-1.004526064929010420e+00
-9.909783915042353897e-01
-9.789572107734173523e-01
-9.682585732502376752e-01
-9.597119987740531100e-01
-9.531839418292961108e-01
-9.489553129596423053e-01
-9.469213524755845102e-01
-9.468122017386040312e-01
-9.489079488005903729e-01
-9.523299326694151246e-01
-9.569708297097625493e-01
-9.623351653042419018e-01
-9.681232883746401230e-01
-9.742892883247878943e-01
-9.802822684331818914e-01
-9.863492677536888076e-01
-9.919248460037859427e-01
-9.975720198552920914e-01
-1.003316568918328544e+00
-1.009585755341981805e+00
-1.015505018800972881e+00
-1.021170357644132887e+00
-1.027329793383543688e+00
-1.033317771487711312e+00
-1.039640193949616709e+00
-1.045926104372227661e+00
-1.052026373540150717e+00
-1.057539091600468772e+00
-1.062509572088542464e+00
-1.066529198319182470e+00
-1.069125286836361433e+00
-1.070443793573427449e+00
-1.069957597682093642e+00
-1.068363878016548973e+00
-1.065348624951885759e+00
-1.061998554035544107e+00
-1.057627509498773488e+00
-1.053072348647565271e+00
-1.048885655965146935e+00
-1.045918825334935409e+00
-1.044824569162773775e+00
-1.046176168630497116e+00
-1.050313776347917338e+00
-1.058023170093339571e+00
-1.069571215425113797e+00
-1.084609513081572274e+00
-1.102469283775938225e+00
-1.122806322845890659e+00
-1.144780201111401663e+00
-1.167256448670935143e+00
-1.188681832028317453e+00
-1.207016125861480438e+00
-1.220192036873651187e+00
-1.226214760483429034e+00
-1.222813237533930453e+00
-1.208074300867014950e+00
-1.180079467866723242e+00
-1.137163292539004500e+00
-1.077911698588094769e+00
-1.001937704970920384e+00
-9.092283312121933747e-01
-7.996404482438239647e-01
-6.747329377023415509e-01
-5.367880887984065597e-01
-3.881018983996188942e-01
-2.321869569878259043e-01
-7.243637309048533979e-02
8.697757670297479038e-02
2.416785471369047866e-01
3.866203643390924150e-01
5.175297220973155143e-01
6.300487293385721443e-01
7.205332096403616049e-01
7.859789184335421730e-01
8.236464872731690257e-01
8.315549193012472529e-01
8.092658742712349751e-01
7.569606490461294745e-01
6.764400339257492512e-01
5.700242114371294466e-01
4.411224537924411937e-01
2.944323773819325640e-01
1.351440760651767270e-01
-3.136330232621619557e-02
-1.992123857092097661e-01
-3.623911634003756932e-01
-5.152615624018611618e-01
-6.521276193323443104e-01
-7.677399206945417776e-01
-8.577880434300918511e-01
-9.195096784871368278e-01
-9.500949401748229883e-01
-9.479350487906768041e-01
-9.130509019923014336e-01
-8.470777734808289106e-01
-7.520658217563643833e-01
-6.319325521407479496e-01
-4.904867394841405659e-01
-3.328141328874818505e-01
-1.647826937731792230e-01
8.093366242240067690e-03
1.796043617077698884e-01
3.437756909252979720e-01
4.947076633189672612e-01
6.274455134737623174e-01
7.380433173381483192e-01
8.223750450486596586e-01
8.778773273463426063e-01
9.027252303376462894e-01
8.968120880130237005e-01
8.607388492017478132e-01
7.958675751654266106e-01
7.045142796235792648e-01
5.898690101370058780e-01
4.555351012756898577e-01
3.065119538455431947e-01
1.467811702222405756e-01
-1.886783097887104882e-02
-1.860836458238178115e-01
-3.503021621900682114e-01
-5.077159064634896302e-01
-6.547581730575122716e-01
-7.883972807865133881e-01
-9.062823363293561751e-01
-1.006846971003587665e+00
-1.088857738580822465e+00
-1.152253366551815095e+00
-1.197755303506981006e+00
-1.226411784540918593e+00
-1.239145449591471992e+00
-1.238235117291558662e+00
-1.225599749348753820e+00
-1.203388678861276651e+00
-1.173986475207152713e+00
-1.139854500061046050e+00
-1.103285247825503301e+00
-1.066428285599323678e+00
-1.030287473210919069e+00
-9.965683422819943127e-01
-9.662521703576155696e-01
-9.399130218221921629e-01
-9.182306084984332983e-01
-9.017409677299104143e-01
-8.910035951075238048e-01
-8.851625875181997616e-01
-8.846561317283254677e-01
-8.886140593417114486e-01
-8.963798797946599395e-01
-9.078640802024285916e-01
-9.220882105628963599e-01
-9.384157516666318255e-01
-9.560133035924132106e-01
-9.744278290753396465e-01
-9.927075608554004615e-01
-1.010688466550357045e+00
-1.027669858198898112e+00
-1.042969440396874559e+00
-1.056253777718995979e+00
-1.067224943509842872e+00
-1.076016404744954524e+00
-1.082398778099491476e+00
-1.086604477346060582e+00
-1.088718958573604789e+00
-1.089008868418851916e+00
-1.088015770181666175e+00
-1.086392120595272681e+00
-1.084297038183105411e+00
-1.082061424454687559e+00
-1.080221611466922749e+00
-1.079133671407117578e+00
-1.079361494625509010e+00
-1.081376908578420393e+00
-1.084832404112419102e+00
-1.089944673317163604e+00
-1.096057899885996445e+00
-1.102973061031202295e+00
-1.109477411241335254e+00
-1.114785337718599001e+00
-1.117880025417234968e+00
-1.117688321689811692e+00
-1.113050419293048598e+00
-1.102723372817647984e+00
-1.085555728191459401e+00
-1.060219708395285343e+00
-1.025560966207023528e+00
-9.806261218450920136e-01
-9.250049816814467363e-01
-8.584189967780904151e-01
-7.810843251577757052e-01
-6.929480107347802953e-01
-5.949396953302266144e-01
-4.883403984611683346e-01
-3.741301852248296589e-01
-2.534061333756003065e-01
-1.272765298011412916e-01
2.298213961468680618e-03
1.333995034814127734e-01
2.640384323622860241e-01
3.927589353873028877e-01
5.180772686644834479e-01
6.383992482185507633e-01
7.520620172529395298e-01
8.578653944271510401e-01
9.547027045997008576e-01
1.041867268995835039e+00
1.118985140309042503e+00
1.185127957182181557e+00
1.239717678922417132e+00
1.283071321934378561e+00
1.314567333512769887e+00
1.334129546652732978e+00
1.341133254750210391e+00
1.335415390541846437e+00
1.317517483716978299e+00
1.287067649667463343e+00
1.244053444798242536e+00
1.188436798007370898e+00
1.120749674902980164e+00
1.041119662925198641e+00
9.502526476607016104e-01
8.490406094391748093e-01
7.377541344541240775e-01
6.180250137036613634e-01
4.911119572570181169e-01
3.588805310744897503e-01
2.231043509201828257e-01
8.583888682268027426e-02
-5.059487365169104689e-02
-1.837427775853767153e-01
-3.113761168244155164e-01
-4.311537855927325968e-01
-5.409136701044160445e-01
-6.385579745646974281e-01
-7.223236282843578104e-01
-7.908484988019415241e-01
-8.429840224574843832e-01
-8.783873257544025925e-01
-8.970572847143687412e-01
-8.993492301843017955e-01
-8.860215715561843286e-01
-8.582571307485655776e-01
-8.173594964105470595e-01
-7.650780801321687141e-01
-7.036931642597279435e-01
-6.354241717347030027e-01
-5.619370869267769075e-01
-4.856897503139004924e-01
-4.089657808236208947e-01
-3.335277065206762592e-01
-2.614596140165725280e-01
-1.938924280374325626e-01
-1.320293309080582955e-01
-7.647508450590918827e-02
-2.813053678211333355e-02
1.326697846057163684e-02
4.705803079977819575e-02
7.373680085968933873e-02
9.329720453023622462e-02
1.067778627590168089e-01
1.146950935857515841e-01
