9.551683885018206834e-15
2.390255474861551522e-13
1.718869986670171964e-12
7.033781760332942448e-12
2.083441220394726543e-11
4.829010887258559658e-11
8.912504976715900276e-11
1.299218051747612951e-10
1.432294458987076072e-10
1.050126947467756573e-10
3.083057123615332318e-11
1.091115955103941370e-11
2.211789274537238301e-10
8.888281742630591653e-10
2.191852756912513959e-09
4.106220390872824224e-09
6.268549114363628982e-09
7.944522881696727546e-09
8.183412596437760314e-09
6.203281805910900165e-09
1.918824649253904626e-09
-3.628285851212639344e-09
-8.176804357387994115e-09
-8.667995909983322829e-09
-2.224625426281018414e-09
1.250666904211129130e-08
3.404291405484463049e-08
5.739516015308573047e-08
7.468464361929455916e-08
7.729227787282748326e-08
5.922051569034105584e-08
2.065008720753587110e-08
-2.972927990505649150e-08
-7.459999594958703918e-08
-9.065746976486190686e-08
-5.418448340762341819e-08
5.132099351519793136e-08
2.271742690613570447e-07
4.534340255655178881e-07
6.873715123498128272e-07
8.680922213949286316e-07
9.276409184898316444e-07
8.080862014473064148e-07
4.818237250212530845e-07
-2.969029796703732131e-08
-6.439894653580611586e-07
-1.217185237720086521e-06
-1.558109258881487576e-06
-1.457345772988523050e-06
-7.288234074831027085e-07
7.412617489979958671e-07
2.946962548820443734e-06
5.727916026468721926e-06
8.758740900422488408e-06
1.157004764270276545e-05
1.360355522881966222e-05
1.429929683643098603e-05
1.320424501204678835e-05
1.008094389336119030e-05
4.992678375734251018e-06
-1.654502021865106113e-06
-9.126424875150616125e-06
-1.643550449159249436e-05
-2.247071555068723143e-05
-2.616868520976889996e-05
-2.669973981615142826e-05
-2.363629856396289535e-05
-1.707121424925518778e-05
-7.658836260956516272e-06
3.437480869809296435e-06
1.469136238656518548e-05
2.443462733987998505e-05
3.111983744463741057e-05
3.358031310329977084e-05
3.124093127500469534e-05
2.424062180433019838e-05
1.344349018768689226e-05
3.313608334676481886e-07
-1.321032261109426919e-05
-2.517920430948017589e-05
-3.376876008831800941e-05
-3.765627536713142044e-05
-3.621758016582562784e-05
-2.963287590160224234e-05
-1.886576889654354835e-05
-5.517787605440033364e-06
8.417700629281654921e-06
2.086193144404576628e-05
2.996877248499019489e-05
3.440467666764988902e-05
3.354844136343484545e-05
2.758213196130731705e-05
1.746143776609793586e-05
4.771808890192693697e-06
-8.507025535305781454e-06
-2.029351415689842315e-05
-2.871228117581624452e-05
-3.237541076619932840e-05
-3.059904300239879788e-05
-2.352396840752687298e-05
-1.212183668925239139e-05
1.916398952997758217e-06
1.640197548168333551e-05
2.895733063583397931e-05
3.737651874661422293e-05
3.999090591782745676e-05
3.598441368410777545e-05
2.560148616943827573e-05
1.020428183453857047e-05
-7.846585746448461740e-06
-2.549140957744311503e-05
-3.942471321603339951e-05
-4.664667047660224399e-05
-4.502959701846285688e-05
-3.379841671346112537e-05
-1.382553749381192383e-05
1.233386846759591547e-05
4.070226223453761005e-05
6.642797268937069156e-05
8.455226969165285282e-05
9.087762086853597653e-05
8.279819561245459507e-05
5.993893518533086181e-05
2.446168504873577761e-05
-1.904868437967767255e-05
-6.413802757167595518e-05
-1.034193352635495006e-04
-1.297550180434873114e-04
-1.375028292610244718e-04
-1.236201241063915985e-04
-8.841672690015374555e-05
-3.579458199467162936e-05
2.710902469904517132e-05
9.086540668708920207e-05
1.451629338854919455e-04
1.804693323981343227e-04
1.896856948098115032e-04
1.694988498638021039e-04
1.211827670029674115e-04
5.068416395940429924e-05
-3.207737053573300799e-05
-1.146237703473254702e-04
-1.838430370953875745e-04
-2.281208739687083350e-04
-2.393287510606450965e-04
-2.143200388443914023e-04
-1.556525782575110680e-04
-7.138783702844896594e-05
2.602938603809536801e-05
1.216522652256101037e-04
2.003853996205789511e-04
2.494283917681836471e-04
2.603995018913243158e-04
2.307884336532031906e-04
1.644862819907293887e-04
7.128004044448120111e-05
-3.461986525027986676e-05
-1.367954066057618849e-04
-2.192272482566962402e-04
-2.688605941346926135e-04
-2.777119850298504227e-04
-2.441731925443222100e-04
-1.732954860816790445e-04
-7.600605605399441702e-05
3.261517841306632885e-05
1.357198725225782963e-04
2.173540212492006205e-04
2.649716045220914780e-04
2.713950126599516048e-04
2.359107413327500254e-04
1.643323299489835249e-04
6.802824307691855840e-05
-3.791669941086388133e-05
-1.370992774998152372e-04
-2.143678118630128280e-04
-2.581536433625820741e-04
-2.621995367170399131e-04
-2.264262633443638430e-04
-1.568211486140305277e-04
-6.439119222240269574e-05
3.663175653473492536e-05
1.310330601828154002e-04
2.049414552822818609e-04
2.478754097428932548e-04
2.542053590051074037e-04
2.238329014578066566e-04
1.620157604757340613e-04
7.840238100606929062e-05
-1.453927608086272287e-05
-1.034257674914377195e-04
-1.758910653264986461e-04
-2.222631864301655993e-04
-2.367530819547533963e-04
-2.180240760897658205e-04
-1.691184769312981139e-04
-9.680867547723242855e-05
-1.052407984628935970e-05
7.895091795870422919e-05
1.608106788471560600e-04
2.254188464535815861e-04
2.652357456457236635e-04
2.754326715787982572e-04
2.542062151026925872e-04
2.028412969163452615e-04
1.255937188109421804e-04
2.945671241870939381e-05
-7.617209231817697636e-05
-1.799412272637088053e-04
-2.691595054919463043e-04
-3.306496108509983357e-04
-3.519199261743243706e-04
-3.226733921023041221e-04
-2.365677092835117255e-04
-9.303701776235020864e-05
1.011208378649283246e-04
3.307674096003920014e-04
5.724422589126630569e-04
7.956757192135908378e-04
9.657503987361736649e-04
1.047871654271478490e-03
1.012439057010290329e-03
8.408252473439977283e-04
5.307917613164900685e-04
1.005133066664009775e-04
-4.097847279536825276e-04
-9.393690138175174540e-04
-1.412129113172360837e-03
-1.745215634750660934e-03
-1.860527194742608598e-03
-1.697752883585925202e-03
-1.227142799107251584e-03
-4.598612596954873306e-04
5.462175909303633361e-04
1.686991650956626591e-03
2.819869507842832045e-03
3.778839549161209545e-03
4.395819206250171050e-03
4.525960303251209613e-03
4.073462290944475893e-03
3.013904413313611176e-03
1.409086004239553736e-03
-5.891868624185259227e-04
-2.748645399990292271e-03
-4.779896025869754747e-03
-6.371947149918703521e-03
-7.236093178346466800e-03
-7.152429785219334077e-03
-6.012126317015607790e-03
-3.848327293730539368e-03
-8.493700966100695615e-04
2.650093052160044146e-03
6.201487386776748101e-03
9.296055233951005387e-03
1.143425397416809181e-02
1.220190141538081766e-02
1.134198991402780160e-02
8.810544146227474588e-03
4.806171486361902716e-03
-2.341522429960623489e-04
-5.676222716167468943e-03
-1.076414572231105572e-02
-1.472203592609558180e-02
-1.686887517396663122e-02
-1.673008008619066359e-02
-1.412822025845147066e-02
-9.236851139954481080e-03
-2.585619890415966592e-03
4.988609546206209354e-03
1.244190266913154826e-02
1.866367056865717716e-02
2.263918845231695925e-02
2.361100854913213490e-02
2.121395447360587688e-02
1.556071682287193600e-02
7.261038566059018276e-03
-2.633865949291648318e-03
-1.275884096555292974e-02
-2.161981146387187067e-02
-2.781183549683328635e-02
-3.023891296771806514e-02
-2.830165546085738892e-02
-2.202141033094843006e-02
-1.207724362145105694e-02
2.557718873422789880e-04
1.326390046134033780e-02
2.502952288391383645e-02
3.371180446537554859e-02
3.783251829393401156e-02
3.652297136014509560e-02
2.969136511393291947e-02
1.807999130430737456e-02
3.197232521313797624e-03
-1.287219411899264906e-02
-2.775610454176421354e-02
-3.914319715394608962e-02
-4.514011901091995183e-02
-4.458245893125414167e-02
-3.724898059790690552e-02
-2.394099868972692988e-02
-6.408034467615772445e-03
1.287617565630768020e-02
3.105976672977604075e-02
4.533303021115923925e-02
5.336115080339547817e-02
5.366293802252733447e-02
4.587459958886315470e-02
3.085259966161937872e-02
1.059265932384673148e-02
-1.203010226640077382e-02
-3.366689634650667923e-02
-5.099016972985094542e-02
-6.120465467287679318e-02
-6.249607409903951832e-02
-5.434582327931811174e-02
-3.765801052565975054e-02
-1.467235880286434958e-02
1.133145832846826906e-02
3.649998440864701821e-02
5.697652499194318793e-02
6.949158726606484426e-02
7.188292677864559221e-02
6.346278681065140037e-02
4.517086242128828116e-02
1.948239668203117364e-02
-9.922337019332648153e-03
-3.868379464896222475e-02
-6.240925320681612459e-02
-7.734343033555030056e-02
-8.096131212428692159e-02
-7.238985590736206344e-02
-5.258888543599593568e-02
-2.425649308208392696e-02
8.534442959205319063e-03
4.092029143197752766e-02
6.796770114245724581e-02
8.542484704639519144e-02
9.038846905836052381e-02
8.178233019349796795e-02
6.056885285240969086e-02
2.965453316696370703e-02
-6.504218167962263868e-03
-4.254203436296635776e-02
-7.298036971379333326e-02
-9.306012648038607116e-02
-9.948462127361727692e-02
-9.095706935033090468e-02
-6.842540740510633102e-02
-3.499013859627691375e-02
4.518479626371059779e-03
4.423693652308695323e-02
7.813836834912128715e-02
1.009467867442730149e-01
1.089572264938013652e-01
1.006344317132829846e-01
7.689347077178508572e-02
4.101269749776458029e-02
-1.815381382778736251e-03
-4.523457548494797670e-02
-8.266834732175051825e-02
-1.083159757025015102e-01
-1.180508388585104623e-01
-1.100817327122749212e-01
-8.527157470238634629e-02
-4.705817689241019453e-02
-9.813724007234122387e-04
4.611907748155934239e-02
8.711878102875986185e-02
1.156864723341304718e-01
1.272612441291626761e-01
1.197785546798410122e-01
9.402973016488651303e-02
5.359340066183477386e-02
4.341496968532618933e-03
-4.641249206291804541e-02
-9.099960043106695984e-02
-1.225546657856668442e-01
-1.360735126388873950e-01
-1.292051802218479872e-01
-1.026540543969813868e-01
-6.012400725048754058e-02
-7.805312218651987155e-03
4.652515483235940275e-02
9.465983463825790312e-02
1.292008026520788944e-01
1.446971453755433457e-01
1.385044220668182613e-01
1.112308221217416793e-01
6.669550318767289432e-02
1.139758968721136384e-02
-4.643096642239064042e-02
-9.805080408668383207e-02
-1.355364810046128798e-01
-1.529939302219402719e-01
-1.474869453347674442e-01
-1.195271022596927080e-01
-7.304596294552384572e-02
-1.484614213398936095e-02
4.639271337860890326e-02
1.014081281017843450e-01
1.417563798170867750e-01
1.611092402639339727e-01
1.562465270482010227e-01
1.275887875183078224e-01
7.918269903514668639e-02
1.813383567269887323e-02
-4.643465579452576292e-02
-1.047450579630972434e-01
-1.478460492869293486e-01
-1.689872975183628612e-01
-1.646764931256771147e-01
-1.352534148947340253e-01
-8.488706578704197092e-02
-2.098859010517087342e-02
4.687794505175918447e-02
1.084268667978594419e-01
1.542101325627578678e-01
1.770681246319029956e-01
1.732491294128772619e-01
1.430224184098931040e-01
9.068508626887103463e-02
2.395420110483254678e-02
-4.717035776832755739e-02
-1.119048403912946549e-01
-1.603174986639506472e-01
-1.848532080538938249e-01
-1.815126430615791875e-01
-1.505018685521048172e-01
-9.624715316174117796e-02
-2.676569943792231690e-02
4.751866565289963873e-02
1.153399848910696690e-01
1.662999657708611745e-01
1.924633489203041448e-01
1.895937356437481514e-01
1.578374233290799900e-01
1.017451853682547203e-01
2.962176656114059656e-02
-4.770423568573962936e-02
-1.185076069508368274e-01
-1.719459821253805920e-01
-1.997212661238715603e-01
-1.973682065486412895e-01
-1.649699128104659129e-01
-1.071859142779471030e-01
-3.258244114986428436e-02
4.763876353130368224e-02
1.213242177863894516e-01
1.772117116660074099e-01
2.066527340625939624e-01
2.049505678229206207e-01
1.721068826345580893e-01
1.128585224404892867e-01
3.599356834611503603e-02
-4.695453401488319800e-02
-1.234402673302013170e-01
-1.818055606276960112e-01
-2.130574923252425423e-01
-2.122528194582077865e-01
-1.792759860511655423e-01
-1.188884649210661393e-01
-4.003753191750494822e-02
4.547462625537886105e-02
1.247626847491200980e-01
1.858041248792936251e-01
2.192646284406192803e-01
2.199250815672965931e-01
1.874916851647225879e-01
1.266633986765374476e-01
4.644356138637024956e-02
-4.120266357895780579e-02
-1.231438571194727882e-01
-1.870602164869070438e-01
-2.233045164294930607e-01
-2.263640844890420500e-01
-1.957014913179092597e-01
-1.358452567571000191e-01
-5.571563802583193864e-02
3.271336769973910014e-02
1.162140733555176025e-01
1.822952374874044212e-01
2.210814456596283673e-01
2.267976677743782365e-01
1.986345818938465846e-01
1.408641396771433685e-01
6.218875195979494536e-02
-2.557632799631656684e-02
-1.092870132031769637e-01
-1.764502828569843862e-01
-2.171004308758981427e-01
-2.252884729491411997e-01
-1.999609867308504985e-01
-1.450976169193468890e-01
-6.908918399352263762e-02
1.654650062177722217e-02
9.891426005745450334e-02
1.656901732301196417e-01
2.069737612683419103e-01
2.167643073917031593e-01
1.938402482818299966e-01
1.419120980761031381e-01
6.903001460739738304e-02
-1.365995259162740630e-02
-9.361887454963992161e-02
-1.588167244732195393e-01
-1.995440044631130450e-01
-2.098598914176351138e-01
-1.884603663621952363e-01
-1.388391312601616745e-01
-6.872212239668597233e-02
1.113342590340306824e-02
8.858883531360456365e-02
1.519696551040063404e-01
1.918263487343024598e-01
2.023442262069567177e-01
1.821920169798897648e-01
1.346852204669663489e-01
6.724516014558361288e-02
-9.758536229374956475e-03
-8.460162634090900857e-02
-1.459901760871927245e-01
-1.847649452992238539e-01
-1.952679290794480660e-01
-1.761671098718408379e-01
-1.306193610859943677e-01
-6.575266974226866290e-02
8.447944051984018418e-03
8.067685308672707667e-02
1.400302462571765827e-01
1.776521168432314834e-01
1.880553312452104275e-01
1.699208005045075576e-01
1.262585131043771902e-01
6.391190647716152307e-02
-7.513299370056221102e-03
-7.712833870306474993e-02
-1.344209785154910353e-01
-1.708425497438993690e-01
-1.810829319687176642e-01
-1.638433994588500420e-01
-1.219950298473026079e-01
-6.210453026640678359e-02
6.594724694782379791e-03
7.362541152120714860e-02
1.288636300374547405e-01
1.640674821057108435e-01
1.741061496638051376e-01
1.577062989333456733e-01
1.176074420979226487e-01
6.010842981626635800e-02
-5.920382579735499265e-03
-7.040460294820549692e-02
-1.236022255934755565e-01
-1.575747793225149573e-01
-1.673711418433842524e-01
-1.517476223877075037e-01
-1.133198221036639253e-01
-5.812882958142420037e-02
5.306836810966675429e-03
6.730497436887626639e-02
1.184966736031719953e-01
1.512413417450100828e-01
1.607661646608531114e-01
1.458602247460124013e-01
1.090225826073448895e-01
5.604728731937681785e-02
-4.886306367191015423e-03
-6.447530444065070754e-02
-1.137126292563121477e-01
-1.452475661226711456e-01
-1.544821092919474725e-01
-1.402397293105739351e-01
-1.049095563451518942e-01
-5.404935272461946355e-02
4.487258391235526660e-03
6.176246369688977861e-02
1.091180388793038802e-01
1.394832833791886106e-01
1.484296701275633346e-01
1.348150664888606298e-01
1.009240696933364628e-01
5.208820256297989199e-02
-4.151366604239441552e-03
-5.920727921295926982e-02
-1.047562802038897178e-01
-1.339965629117244039e-01
-1.426623654719177403e-01
-1.296446496397447024e-01
-9.712780636608095430e-02
-5.022649949383151124e-02
3.817434714344136986e-03
5.675213585120778004e-02
1.005747309654076993e-01
1.287402651266009446e-01
1.371380853762572405e-01
1.246902032271348382e-01
9.348479988719751721e-02
4.842922897921114744e-02
-3.520283166495783659e-03
-5.443154313975773900e-02
-9.660658255806624239e-02
-1.237446542594726057e-01
-1.318825021617144322e-01
-1.199717804659506254e-01
-9.000973135700920946e-02
-4.670762675468998620e-02
3.248444597698744302e-03
5.222871739631750054e-02
9.282401658127628630e-02
1.189657092818546952e-01
1.268322625779057244e-01
1.154071720022331327e-01
8.660702074024792529e-02
4.496421526659555995e-02
-3.083557508931470542e-03
-5.018607748040952027e-02
-8.920275780671778343e-02
-1.142832206312747456e-01
-1.217430386824434607e-01
-1.106037899831188026e-01
-8.271849437125591842e-02
-4.246689221890118104e-02
3.929754730809790000e-03
4.936743224174448830e-02
8.694427805430426925e-02
1.110063482871752327e-01
1.179961362812802922e-01
1.069768025760031022e-01
7.975515714598732653e-02
4.058765240133065111e-02
-4.483047217088914974e-03
-4.855768091592559121e-02
-8.493350676297552193e-02
-1.081205604967627604e-01
-1.146672853157642696e-01
-1.036716857695574034e-01
-7.690264258956958088e-02
-3.851548890076107040e-02
5.592520100553359172e-03
4.868696198014063614e-02
8.422257327235836699e-02
1.068349115793323922e-01
1.131473099809835181e-01
1.022719695944965257e-01
7.593109694124651476e-02
3.818197253239370009e-02
-5.210153307388291390e-03
-4.765435564044220168e-02
-8.273641757959819543e-02
-1.051888835400459909e-01
-1.116821204192500611e-01
-1.013176094729558580e-01
-7.575049462705499281e-02
-3.892496598339594688e-02
3.535221979110637468e-03
4.518686553518686672e-02
7.974644686185070053e-02
1.020393948116597727e-01
1.087759949080612104e-01
9.903753913393070762e-02
7.440079944752557572e-02
3.868416710471638681e-02
-2.643788000758494176e-03
-4.330177115034430924e-02
-7.715096677269520087e-02
-9.912262312743434778e-02
-1.059777261362478684e-01
-9.678484536597169174e-02
-7.304561572847349804e-02
-3.845110559331164912e-02
1.691622296388854045e-03
4.127370806801403808e-02
7.431452288369382042e-02
9.586588990050996795e-02
1.027536934002594715e-01
9.404561205019425218e-02
7.117603675352839054e-02
3.771169227502290527e-02
-1.204000946928220723e-03
-3.964133503711717715e-02
-7.178801239804266654e-02
-9.282833814216634449e-02
-9.966484769145995959e-02
-9.137420285755520899e-02
-6.933024431586182201e-02
-3.697808897658089178e-02
7.037961556446750136e-04
3.796962267219527315e-02
6.918255853119513465e-02
8.966758478450288783e-02
9.641183364613109541e-02
8.850744227542296783e-02
6.727187815118373937e-02
3.603013027669419582e-02
-4.054818723650497887e-04
-3.647653016569733092e-02
-6.672652658811284443e-02
-8.662642826916985839e-02
-9.325270358664290715e-02
-8.571640856458133395e-02
-6.528035812506942370e-02
-3.514931761812501582e-02
3.217153719633011758e-05
3.489570335369964610e-02
6.416830255317736154e-02
8.347004541959754387e-02
8.996934912261303485e-02
8.279788294207383881e-02
6.316438071278716870e-02
3.415283584122335431e-02
2.384956364093212644e-04
-3.340242356086826903e-02
-6.168282184834005671e-02
-8.037402391352477249e-02
-8.673794556646334530e-02
-7.992759381762586102e-02
-6.109740379567441676e-02
-3.320944202780972548e-02
-5.677148172900650311e-04
3.184628928976904888e-02
5.913427296770661090e-02
7.722187449359596556e-02
8.346746855132375353e-02
7.704807269695632121e-02
5.906604127693369788e-02
3.236304993022270232e-02
1.072388586458301700e-03
-3.002004821157601422e-02
-5.620744495869176710e-02
-7.357465768983825760e-02
-7.958382828938143083e-02
-7.344551734842177937e-02
-5.622120857033906238e-02
-3.064415438679994955e-02
-6.883420767364529028e-04
2.904673480881787492e-02
5.404048482584646040e-02
7.053715057013784651e-02
7.610941156399458896e-02
7.001522464231228760e-02
5.329558640118287061e-02
2.860063934372867461e-02
-2.272199652016365732e-04
-2.874795554927989799e-02
-5.260452835685477946e-02
-6.818554864322834419e-02
-7.316948300570851049e-02
-6.686869872943342064e-02
-5.032257185311333342e-02
-2.612729403625249289e-02
1.969899954086765104e-03
2.964879868104706648e-02
5.267768284478908936e-02
6.755721705335387961e-02
7.204903746355365013e-02
6.550951421243171591e-02
4.897915409887988736e-02
2.501544694219839243e-02
-2.703970702658179022e-03
-2.994628981779642873e-02
-5.256988380290455315e-02
-6.715344146150255267e-02
-7.151244296366815467e-02
-6.502516189266727142e-02
-4.871972396494377716e-02
-2.511020916575623305e-02
2.192066200289710057e-03
2.903191452842373080e-02
5.134346646407762088e-02
6.576670439784781941e-02
7.015381978819018594e-02
6.388907578746075289e-02
4.797459627518366881e-02
2.487025357622035110e-02
-1.886838317921933194e-03
-2.822435647185478347e-02
-5.015521712571027746e-02
-6.438183765345048548e-02
-6.879251809145196794e-02
-6.277516399954437276e-02
-4.730171740817353671e-02
-2.477170115830101479e-02
1.360018241360889555e-03
2.711345888500285226e-02
4.859031233483111778e-02
6.256472091156299598e-02
6.696840895157413209e-02
6.119710561964526035e-02
4.619281440239422082e-02
2.429086561090332969e-02
-1.143496256434911422e-03
-2.623245406169143548e-02
-4.717728555579528416e-02
-6.083397545843648169e-02
-6.518549319790452323e-02
-5.963974204726775474e-02
-4.510914388035958816e-02
-2.386133136880910430e-02
8.347023514223619054e-04
2.521177375503638046e-02
4.557951357397305170e-02
5.888335944650866655e-02
6.316281415982893943e-02
5.784024218874572049e-02
4.379768012957419021e-02
2.323161176012949330e-02
-6.904721749988705637e-04
-2.431800671171002737e-02
-4.407460406211026471e-02
-5.699952718155362058e-02
-6.119138128643647478e-02
-5.608753943126751351e-02
-4.253828454230552947e-02
-2.266613652445749472e-02
4.664895071110606076e-04
2.332926670490670720e-02
4.246282998940165143e-02
5.500228085359467473e-02
5.910609182700446440e-02
5.422621689713449239e-02
4.117984964853001889e-02
2.201368212175266667e-02
-3.169319199289702448e-04
-2.240364819788621259e-02
-4.090538560304659427e-02
-5.305376138871743114e-02
-5.706724097721500855e-02
-5.241205399686048316e-02
-3.987175336246470692e-02
-2.141661839081916360e-02
1.055123364054285945e-04
2.140852115143765735e-02
3.926966558796415874e-02
5.101704333418721066e-02
5.492916567439379977e-02
5.048691491746829657e-02
3.844107494739104625e-02
2.068690017266569189e-02
-3.350771416717157039e-05
-2.055434941786939834e-02
-3.776956731790126476e-02
-4.910279265791560321e-02
-5.289272254384776162e-02
-4.863631980103225866e-02
-3.705428937883530061e-02
-1.997052814040430405e-02
-2.551196077965062209e-05
1.973144433036896905e-02
3.630817726571561321e-02
4.722277664055809371e-02
5.087524828373751751e-02
4.678213266854970576e-02
3.563973387888777489e-02
1.920789162427631591e-02
3.350290708606745808e-05
-1.894288989013578547e-02
-3.483679007967029062e-02
-4.525707299013125018e-02
-4.866478409583201853e-02
-4.459967498161605814e-02
-3.374121690511310695e-02
-1.779622872988074339e-02
7.684179861953455192e-04
1.910625527608778018e-02
3.442622764353007320e-02
4.441585742836712258e-02
4.758856504386232977e-02
4.350312984583118436e-02
3.282300463840893273e-02
1.720774576899700495e-02
-9.456997992334092041e-04
-1.887150747175773621e-02
-3.385662679884620524e-02
-4.365128908329627550e-02
-4.680623460704421562e-02
-4.288618624788151368e-02
-3.252823117133307046e-02
-1.733746218304759931e-02
3.630197835065360331e-04
1.788871685730332797e-02
3.260214932285766809e-02
4.231087428561324665e-02
4.559496133939494600e-02
4.201492607595793544e-02
3.216969079177427193e-02
1.759715516045062128e-02
5.337236489865299343e-04
-1.642964572921063598e-02
-3.074189297296060427e-02
-4.027670495903157288e-02
-4.364963455315008095e-02
-4.042010526076353361e-02
-3.114875609308789470e-02
-1.730283059375893606e-02
-1.025411041033457609e-03
1.519534643529871221e-02
2.890599159008331795e-02
3.805861757512961352e-02
4.131669206081768631e-02
3.825019213672448126e-02
2.939160408933335147e-02
1.614566678018401411e-02
5.679172967957657296e-04
-1.495317003673941707e-02
-2.806137596435086951e-02
-3.678949113750052541e-02
-3.985368358253121857e-02
-3.684149107903526149e-02
-2.826598457658610966e-02
-1.547917997283679813e-02
-4.591578769162771366e-04
1.449565675209156523e-02
2.711786314044127566e-02
3.551445988585106434e-02
3.845029246307144627e-02
3.552919642591803595e-02
2.724637426305582741e-02
1.490525889498626154e-02
4.126771945097119053e-04
-1.401553582623257452e-02
-2.619307585754828555e-02
-3.429419725505241517e-02
-3.712715065409703113e-02
-3.430912557260276663e-02
-2.631707802560293713e-02
-1.440785167604145302e-02
-4.208474321132590380e-04
1.350583175625016084e-02
2.526200770417442662e-02
3.308497039741137985e-02
3.582358245034670402e-02
3.310742307212755087e-02
2.539616372480445194e-02
1.390271430550950316e-02
4.028635309535187224e-04
-1.303877213998053987e-02
-2.438425089986120953e-02
-3.193108906000793890e-02
-3.456756841193014962e-02
-3.193632069762599585e-02
-2.448215572117697428e-02
-1.337781880063438310e-02
-3.399282781695422799e-04
1.263607516000317399e-02
2.358110121303081536e-02
3.085108628122455732e-02
3.337387338604006631e-02
3.080724938362455756e-02
2.358487861954606732e-02
1.284402750966030793e-02
2.469811365829548112e-04
-1.227588534553726574e-02
-2.282172958574585006e-02
-2.980433538733925913e-02
-3.219279226519163040e-02
-2.966384701790393888e-02
-2.264539141618569437e-02
-1.224525956432029848e-02
-7.697105040934598740e-05
1.199030433848678745e-02
2.211892037170012579e-02
2.878305981558667778e-02
3.099946652381331894e-02
2.847368615187536103e-02
2.163998738206989944e-02
1.158950716111244693e-02
-1.017396325171780616e-04
-1.161814233556808865e-02
-2.118515036514362349e-02
-2.734210085252131509e-02
-2.916539628888888125e-02
-2.640795510040803984e-02
-1.953378483600269958e-02
-9.642736550757848024e-03
1.702626782830314080e-03
1.272110703109476625e-02
2.169006416134404425e-02
2.721288264487015107e-02
2.843540319823338602e-02
2.517795094022007643e-02
1.796259916006969631e-02
7.931405099836452352e-03
-3.331723038062196600e-03
-1.404797562973573305e-02
-2.252122509389020699e-02
-2.740324931142364140e-02
-2.790544428889541947e-02
-2.392403449087698863e-02
-1.605909325844382535e-02
-5.524141225413652795e-03
6.040065361432415958e-03
1.681911469145032020e-02
2.510675516121888343e-02
2.957134020185918366e-02
2.946560084268485050e-02
2.474702111878070501e-02
1.608973429862137552e-02
4.785468627150888700e-03
-7.451695440047985397e-03
-1.874703572981968949e-02
-2.735334005284878120e-02
-3.192114856326033062e-02
-3.170929859050744537e-02
-2.670304432110112008e-02
-1.762112246531152143e-02
-5.810185223328149205e-03
6.957630450159545295e-03
1.875328263469109788e-02
2.778459258709639265e-02
3.267019030067349478e-02
3.265158509385478885e-02
2.771080188828387025e-02
1.857535113703275356e-02
6.609554902361577944e-03
-6.391320994964041526e-03
-1.847286109522965417e-02
-2.781776332921384945e-02
-3.302139599239947015e-02
-3.330467771047314340e-02
-2.863180751013629649e-02
-1.971497395575005571e-02
-7.905446580612165985e-03
5.012224654660954806e-03
1.709137355477761966e-02
2.651835263604897241e-02
3.188670929185045272e-02
3.240873982164149680e-02
2.803243461776525058e-02
1.944639152054981196e-02
7.972343528927136255e-03
-4.637943226154463486e-03
-1.647013704595525277e-02
-2.573826118379498110e-02
-3.105472410529573277e-02
-3.163851035989882071e-02
-2.743022958890803387e-02
-1.909704049755120425e-02
-7.927269444655569985e-03
4.368679841537548292e-03
1.592033966597644970e-02
2.498191248321663532e-02
3.019632902007052255e-02
3.079866878094745380e-02
2.672841462304627325e-02
1.863403432008771746e-02
7.769895966723283642e-03
-4.198097008091604236e-03
-1.544804341085636093e-02
-2.427954759380232877e-02
-2.937089136099941405e-02
-2.997696843832568792e-02
-2.603832030656367397e-02
-1.818530348662940332e-02
-7.637481649393248161e-03
3.985737899882906519e-03
1.491381798656922150e-02
2.349492877024804763e-02
2.844577535251830575e-02
2.904361548239828630e-02
2.523171123661749338e-02
1.762284827635052578e-02
7.401155282515083783e-03
-3.862089787912487398e-03
-1.445003099046616134e-02
-2.276203457536811817e-02
-2.755577177415019854e-02
-2.813295001488777189e-02
-2.444091126359896823e-02
-1.707533407377512247e-02
-7.184430081011692476e-03
3.710000562751193057e-03
1.394676163126745173e-02
2.197864390158282832e-02
2.660634100505418834e-02
2.715751825130460068e-02
2.358430540672757855e-02
1.646510502496481912e-02
6.911269487065122008e-03
-3.606327664058961782e-03
-1.348376225075395736e-02
-2.122869530254894999e-02
-2.568585448149500114e-02
-2.620928742465762282e-02
-2.275571662682533691e-02
-1.588554911023266555e-02
-6.672243314580596392e-03
3.465353521383263396e-03
1.298151333315877842e-02
2.043932127749430519e-02
2.472761513739643938e-02
2.522642619249144957e-02
2.189631357869308015e-02
1.527876416577211328e-02
6.408468527512210626e-03
-3.348347155068661686e-03
-1.250429245038119606e-02
-1.967749982393617036e-02
-2.380008121029700274e-02
-2.427692598232525020e-02
-2.107125874994065368e-02
-1.470471763791417023e-02
-6.172796063136004596e-03
3.210690402037494427e-03
1.201582728832189736e-02
1.891440107559475350e-02
2.288012290298969270e-02
2.334111970316495727e-02
2.026206759116433095e-02
1.414422909051205567e-02
5.944210522935852725e-03
-3.075442700706580712e-03
-1.154050594839480491e-02
-1.817432226274194249e-02
-2.199019226573816627e-02
-2.243793969956166257e-02
-1.948291871447850598e-02
-1.360616914217586612e-02
-5.726477538223522824e-03
2.943079624829379130e-03
1.108174195858605340e-02
1.746213929535149825e-02
2.113524481713149189e-02
2.157136004601966847e-02
1.873621614959031234e-02
1.309130388747335554e-02
5.519123055254104154e-03
-2.814593324511244048e-03
-1.064020034841512211e-02
-1.677744630593405034e-02
-2.031334849792424194e-02
-2.073785473574359800e-02
-1.801715747030264991e-02
-1.259415940111052734e-02
-5.316730511672760999e-03
2.694670490765293993e-03
1.021936935014492939e-02
1.612234744527444447e-02
1.952532568983614616e-02
1.993728819990837550e-02
1.732507136150472291e-02
1.211391226070825458e-02
5.118557282714415388e-03
-2.583953682799254581e-03
-9.819986419865046542e-03
-1.549802195707605280e-02
-1.877318048727233402e-02
-1.917277573449777117e-02
-1.666426563779833947e-02
-1.165587431833415601e-02
-4.930452162706385789e-03
2.476751411754290512e-03
9.437339111806006611e-03
1.490156059285183653e-02
1.805651126316416485e-02
1.844691058755238561e-02
1.604053824053488717e-02
1.122896730161994198e-02
4.764122974874993206e-03
-2.359095749419767418e-03
-9.055830776721904632e-03
-1.431639851846972303e-02
-1.735841777976647807e-02
-1.774302836288793594e-02
-1.543795710030734791e-02
-1.081840665133368233e-02
-4.606246461442461970e-03
2.242678832546272059e-03
8.685544560363534991e-03
1.375125253684670625e-02
1.668670896914669147e-02
1.706865200904243013e-02
1.486444415765367927e-02
1.043313194679632884e-02
4.467213109941838879e-03
-2.115474394477016590e-03
-8.312888122095065876e-03
-1.319124821993686129e-02
-1.602564627813863815e-02
-1.640764164539599765e-02
-1.430388564554259737e-02
-1.005739700810262885e-02
-4.331880917989640659e-03
1.991913710429361276e-03
7.951627732561984338e-03
1.264969327063013814e-02
1.538844162029306961e-02
1.577359299376162108e-02
1.377079282812329088e-02
9.707120560564618666e-03
4.217917411889007123e-03
-1.852460159473085996e-03
-7.580477708933802683e-03
-1.210388339748583175e-02
-1.475144178604551048e-02
-1.514243206364761750e-02
-1.324116550434978508e-02
-9.358760178799581733e-03
-4.102473144435692283e-03
1.719202851794460673e-03
7.220863227898447617e-03
1.157481175677511215e-02
1.413551587392403511e-02
1.453520514236421139e-02
1.273647746647250077e-02
9.034426794402619990e-03
4.008503138050094859e-03
-1.568073641755854527e-03
-6.847193002694624588e-03
-1.103478074198259440e-02
-1.351019262380076004e-02
-1.391812698947196038e-02
-1.221946081964076468e-02
-8.693782885683176698e-03
-3.893759543667684331e-03
1.441287979288576092e-03
6.499105233793514742e-03
1.051803284013572842e-02
1.290158265047755895e-02
1.330685890259881293e-02
1.169374022599475003e-02
8.327799033475444951e-03
3.736992573202810915e-03
-1.370862916901911203e-03
-6.216970963830672874e-03
-1.007006643150767412e-02
-1.235655076294424858e-02
-1.274567566762375981e-02
-1.119713310646672927e-02
-7.964223090696522650e-03
-3.552555951628616829e-03
1.359023704450617199e-03
6.022952300974562800e-03
9.736811364210867792e-03
1.194917693280000102e-02
1.234147869375968806e-02
1.087367667769787057e-02
7.787192957173146371e-03
3.565118615540933695e-03
-1.143795755816719292e-03
-5.625387641448218248e-03
-9.208981154365513191e-03
-1.136821499253042392e-02
-1.179852873707569125e-02
-1.045977546509746850e-02
-7.577923474511170238e-03
-3.606182179611033822e-03
8.478650788485899304e-04
5.117327566529054211e-03
8.578200588706582849e-03
1.074276522197391455e-02
1.132992091700506590e-02
1.030204858828089216e-02
7.863451423352338029e-03
4.421559802843320723e-03
5.179599555628609537e-04
-3.259067030384296682e-03
-6.366183229719335653e-03
-8.386143324987452297e-03
-9.085908063386089958e-03
-8.443336591813149772e-03
-6.639328599812275265e-03
-4.018011862406978447e-03
-1.022806612144728155e-03
1.880037838921685142e-03
4.277110089444450744e-03
5.870052326474483467e-03
6.514511162604023735e-03
6.230411993868051161e-03
5.183327311307751872e-03
3.641776162023658593e-03
1.919474517002317917e-03
3.139723599625628310e-04
-9.467314330829362931e-04
-1.739829780660675672e-03
-2.059520238630389768e-03
-2.003760214956437462e-03
-1.739653656220673580e-03
-1.455409442269992287e-03
-1.309527566765381155e-03
-1.388266513919578097e-03
-1.680733329926527297e-03
-2.077600354247876886e-03
-2.394569960757106722e-03
-2.416400961060063534e-03
-1.952748939256409438e-03
-8.940897399599626993e-04
7.446637549054953287e-04
2.803543534336406205e-03
4.986694720922238422e-03
6.902507147542908013e-03
8.129636423963084238e-03
8.298255276959648832e-03
7.171974259029080534e-03
4.714324402804784958e-03
1.125225401654626105e-03
-3.162664754171419686e-03
-7.531275454257183553e-03
-1.126395022949384407e-02
-1.365999555292777071e-02
-1.415903836566121017e-02
-1.245387075067940462e-02
-8.570710796434413692e-03
-2.899865189107453389e-03
3.833068217622161850e-03
1.065580423305289431e-02
1.648763553441830870e-02
2.030806670022690386e-02
2.132996788315341327e-02
1.914844371430242040e-02
1.383859339748330294e-02
5.982069539263442509e-03
-3.387201319274512918e-03
-1.291501082281649483e-02
-2.112046261912901152e-02
-2.662387763319723835e-02
-2.837431288295509321e-02
-2.583975369874964151e-02
-1.912670742216157974e-02
-9.005320276107297434e-03
3.169943723455875655e-03
1.563760321480675564e-02
2.648192610195714697e-02
3.392529190594482241e-02
3.661579687849549070e-02
3.386408452149149151e-02
2.578898105697416399e-02
1.334378301948400090e-02
-1.787387181004158150e-03
-1.741352671324504497e-02
-3.115195540575743313e-02
-4.078987118834043885e-02
-4.463772201017618402e-02
-4.181837508024056904e-02
-3.244339629097014316e-02
-1.764340501976341402e-02
5.591805225291567125e-04
1.952251249582128562e-02
3.636681503199919868e-02
4.841028938611534327e-02
5.359355578514914814e-02
5.082571812969502445e-02
4.019493327655723758e-02
2.300492202405789166e-02
1.624190906208449175e-03
-2.083627856702829906e-02
-4.097371049521000147e-02
-5.560771756922799208e-02
-6.228045966346747869e-02
-5.966437530046162646e-02
-4.781054068517854444e-02
-2.819294970486490789e-02
-3.534198552261162262e-03
2.256850830069383543e-02
4.616636894819886594e-02
6.355516073448022607e-02
7.185476616099167879e-02
6.948182817455225702e-02
5.643850776728963348e-02
3.436606553311526840e-02
6.347000749647387779e-03
-2.352210221529537140e-02
-5.072840774835011418e-02
-7.102419270280276031e-02
-8.108896195648021554e-02
-7.906921187652306282e-02
-6.490857571828084760e-02
-4.041093572230855524e-02
-9.018676844948475546e-03
2.466809197258439806e-02
5.556470634763030492e-02
7.886922220967675090e-02
9.080796021459687506e-02
8.924367473399440198e-02
7.404876484976626039e-02
4.717935983868145472e-02
1.243079305965014841e-02
-2.509626137765930479e-02
-5.974443117375956291e-02
-8.615336877404994320e-02
-1.000895694474834563e-01
-9.912368532231616292e-02
-8.304726184063815353e-02
-5.395839261561457406e-02
-1.599498750426735227e-02
2.525174200250639503e-02
6.356082346935951199e-02
9.302082295708155590e-02
1.089428827402335181e-01
1.086063582375441788e-01
9.171861875427003707e-02
6.051215533039615291e-02
1.945621595853413988e-02
-2.538106809090224722e-02
-6.722942401569567683e-02
-9.963955734720203461e-02
-1.174779040785798867e-01
-1.177394336313175860e-01
-1.000499343239504846e-01
-6.677449245649406950e-02
-2.270768809998744905e-02
2.561499920436784497e-02
7.088607103161731482e-02
1.061316809335219324e-01
1.257867011842796756e-01
1.265733606013454970e-01
1.080447992192222761e-01
7.270394576706962209e-02
2.567179768108028559e-02
-2.605201778998850193e-02
-7.462996444832135923e-02
-1.125740637532899185e-01
-1.339002759946902876e-01
-1.350716644431282920e-01
-1.155816735856890903e-01
-7.808175472463101119e-02
-2.802619762237202466e-02
2.711904950747000623e-02
7.898917816461986652e-02
1.195893083233572907e-01
1.425267133449210910e-01
1.440164553868213126e-01
1.235024628770458877e-01
8.379251264372328256e-02
3.067877600806095950e-02
-2.790554237410142885e-02
-8.307094907043993670e-02
-1.263209123824396152e-01
-1.508608038442404986e-01
-1.526647748933312176e-01
-1.311330848235855995e-01
-8.923303067031167213e-02
-3.309436003393349118e-02
2.888646175008673100e-02
8.730240755098001015e-02
1.331644725256800332e-01
1.592854897770865918e-01
1.614060791606628520e-01
1.388863889665512830e-01
9.485147395722326458e-02
3.576079209403665998e-02
-2.953951707705486027e-02
-9.114258546632064695e-02
-1.395859559306590336e-01
-1.673069493895489590e-01
-1.698242815950739282e-01
-1.464611860804353183e-01
-1.004935114042425637e-01
-3.869321571931157860e-02
2.966967375382282418e-02
9.421937559729456901e-02
1.450515551041417772e-01
1.742553991106280953e-01
1.771463540996411345e-01
1.530170900009189539e-01
1.052863249979194837e-01
4.101659337594756871e-02
-3.013147730698471569e-02
-9.735346256428864531e-02
-1.503446559552735762e-01
-1.808823367290496031e-01
-1.841034137644514124e-01
-1.592786657667147887e-01
-1.099603446496605075e-01
-4.347506607121130739e-02
3.016583236012769509e-02
9.977622240648001406e-02
1.546972215855264288e-01
1.864318165571501873e-01
1.899609988378730685e-01
1.645373928178955059e-01
1.138308257539048240e-01
4.539883139034670001e-02
-3.044151424033510883e-02
-1.021716757917207896e-01
-1.588236110429261660e-01
-1.916584437843809885e-01
-1.955145183969054512e-01
-1.696166709878189627e-01
-1.177198727460842531e-01
-4.756171303603607542e-02
3.029597809165933062e-02
1.040622716357397365e-01
1.625071626521248647e-01
1.966737022462645978e-01
2.012506555852076884e-01
1.753949392886626213e-01
1.228764651150551779e-01
5.152128069039841468e-02
-2.796407121049281769e-02
-1.036093021248921664e-01
-1.639928437468785027e-01
-1.999742721449984939e-01
-2.060828478054229085e-01
-1.813507317647491401e-01
-1.294637685135011651e-01
-5.820653163939626396e-02
2.171407073778442234e-02
9.828776489264932914e-02
1.600163452952526044e-01
1.976498091669000312e-01
2.055798012803699004e-01
1.826795120069544809e-01
1.324637806672145368e-01
6.254668984813072097e-02
-1.651920020470013309e-02
-9.284420661432871147e-02
-1.549995138803177130e-01
-1.937386381898306142e-01
-2.033818357295892609e-01
-1.826552892792595029e-01
-1.348604523578015579e-01
-6.735113001165077273e-02
9.598953077688593752e-03
8.436338603045695494e-02
1.457254584958497523e-01
1.845677695121093198e-01
1.952337159865231708e-01
1.763568222833650223e-01
1.310358555558134575e-01
6.633362746400921217e-02
-7.819965033535217908e-03
-8.015028901757356716e-02
-1.397521360438551130e-01
-1.777347654081914419e-01
-1.885493085787287304e-01
-1.708000385889844042e-01
-1.274207295982566213e-01
-6.519447613256684759e-02
6.305019978480193819e-03
7.618564045885566072e-02
1.338961466673673495e-01
1.708197092403883621e-01
1.815608816868293507e-01
1.647337362080215917e-01
1.231360774554162707e-01
6.328867870976363774e-02
-5.585101895825343894e-03
-7.297984824877937204e-02
-1.287100175851564887e-01
-1.644490175728919867e-01
-1.749728889079248673e-01
-1.589228633689707959e-01
-1.189756283993114866e-01
-6.140088072722112156e-02
4.921206433120230671e-03
6.986882032191510383e-02
1.236227491171526388e-01
1.581504890902223071e-01
1.684059588244696537e-01
1.530657323449897134e-01
1.146945839601905964e-01
5.932057028299955043e-02
-4.510468867823783437e-03
-6.705288921253063639e-02
-1.188485484831223737e-01
-1.521565398914911382e-01
-1.621093227657287583e-01
-1.474226959275558579e-01
-1.105562669471410880e-01
-5.730530173151296425e-02
4.108823490500968130e-03
6.430701439224636995e-02
1.141841348662283040e-01
1.462855361830650014e-01
1.559204306622445080e-01
1.418459524135790295e-01
1.064223780329600216e-01
5.522103770311474757e-02
-3.850450527307662432e-03
-6.176847703627758035e-02
-1.097710906272883202e-01
-1.406827829558582044e-01
-1.499862104289345632e-01
-1.364809154675894198e-01
-1.024332165377945802e-01
-5.319944905756514297e-02
3.615296522773190670e-03
5.933101701098508068e-02
1.055181695262567554e-01
1.352723030564128015e-01
1.442453247814951822e-01
1.312795013161907609e-01
9.855196756069177499e-02
5.121258289153111931e-02
-3.425088156437466457e-03
-5.701276937520644017e-02
-1.014422916788024764e-01
-1.300716687278673511e-01
-1.387171339108277668e-01
-1.262631060214792766e-01
-9.480137951140603370e-02
-4.928303097767362112e-02
3.259476229505955773e-03
5.479795016023972926e-02
9.753441229261912426e-02
1.250802172938571266e-01
1.334101611026122791e-01
1.214492310634861377e-01
9.120669996097970078e-02
4.744166729300124813e-02
-3.084698930224059540e-03
-5.265290512599350714e-02
-9.376385787868619925e-02
-1.202726835429816649e-01
-1.283063237687970815e-01
-1.168280184984291231e-01
-8.776660960199662853e-02
-4.569532446962835948e-02
2.886906411150013622e-03
5.055885660679565463e-02
9.011035766338081066e-02
1.156326354037278403e-01
1.234008546980839699e-01
1.124171656235268546e-01
8.453523431533797872e-02
4.415141162004335845e-02
-2.486499144400604842e-03
-4.824446209859356571e-02
-8.619250653255627892e-02
-1.106536794515262656e-01
-1.180530355980088514e-01
-1.074397731115989824e-01
-8.060640592313322861e-02
-4.179067186791089045e-02
2.990785514953183104e-03
4.687254242563154705e-02
8.319088655680098587e-02
1.064942364125557178e-01
1.133604593673938343e-01
1.028987400919971623e-01
7.686258737278067743e-02
3.936014232371141952e-02
-3.790812333327220167e-03
-4.596218812202848558e-02
-8.073057891085384796e-02
-1.028528195848521648e-01
-1.090542752279187455e-01
-9.851160233505577846e-02
-7.295902108643978479e-02
-3.640493835210277529e-02
5.494980318101463576e-03
4.631050616776463680e-02
7.982088981917614956e-02
1.009598801613844632e-01
1.065784277282994519e-01
9.591054433702067561e-02
7.067370928284323617e-02
3.479115342812285488e-02
-6.219116312106199619e-03
-4.609342970401817535e-02
-7.877908448982043343e-02
-9.935248952907117792e-02
-1.047597286467644162e-01
-9.426830832121405046e-02
-6.956348033717810186e-02
-3.447693865186978596e-02
5.608492875306195224e-03
4.458566816981795328e-02
7.655433553578910866e-02
9.671475266783244318e-02
1.020884097403711999e-01
9.195767243289941495e-02
6.795956420491705563e-02
3.382183395854274771e-02
-5.216201144806848974e-03
-4.320802727687741984e-02
-7.440599173768107366e-02
-9.413097868824805980e-02
-9.947411714130968696e-02
-8.972530131713860047e-02
-6.646547640638560128e-02
-3.331108554015412698e-02
4.648128171167565867e-03
4.163058636048039274e-02
7.204358648423400679e-02
9.132909145079345925e-02
9.664674519244972895e-02
8.729177822050379620e-02
6.478637924138286319e-02
3.263310219329210171e-02
-4.229886816656038342e-03
-4.018705096260247189e-02
-6.980079666189228926e-02
-8.863360596054091489e-02
-9.391270632226396409e-02
-8.493776736309491260e-02
-6.317176267286515878e-02
-3.200354406341386626e-02
3.779492176110036458e-03
3.872662349595286380e-02
6.755400982267537047e-02
8.594346453202088287e-02
9.118903444138522218e-02
8.259459674982000399e-02
6.156417890662332915e-02
3.137359834798863351e-02
-3.339638193344275727e-03
-3.728872413721927986e-02
-6.534279493919548099e-02
-8.330242259986782305e-02
-8.852815319180812326e-02
-8.032800732165332191e-02
-6.004713104108640870e-02
-3.084835240369883727e-02
2.780714439573951126e-03
3.571726890141086602e-02
6.298370416348690604e-02
8.049988840664586143e-02
8.569366698580402342e-02
7.787826097990656338e-02
5.834120970754071156e-02
3.013368731318739197e-02
-2.405508491897255779e-03
-3.431711415147053329e-02
-6.077712901283674474e-02
-7.782598263974067898e-02
-8.296096768365142371e-02
-7.550331558488469763e-02
-5.668613175326500664e-02
-2.945211375790090721e-02
2.005980065388336328e-03
3.289043515144969565e-02
5.853006737106074969e-02
7.508663249738377343e-02
8.012935377339827636e-02
7.299158103781919205e-02
5.485730718541893813e-02
2.856658672514389430e-02
-1.828400200429399847e-03
-3.168735025869586636e-02
-5.648990686394320115e-02
-7.251981166703755366e-02
-7.742164055870141837e-02
-7.054674765002964809e-02
-5.303763291485680959e-02
-2.764001437284346191e-02
1.726746937751442177e-03
3.057382342823579055e-02
5.452868614740909170e-02
6.999779473492473425e-02
7.470586072434827474e-02
6.803081141374105190e-02
5.108518351569483334e-02
2.653352054095076823e-02
-1.824508021920685178e-03
-2.964021573776343815e-02
-5.268099918154486860e-02
-6.747285851254120059e-02
-7.182293339424097867e-02
-6.514359168566283276e-02
-4.853028448985407389e-02
-2.458309374622215035e-02
2.999093333661004626e-03
2.998850037801343432e-02
5.227472125215507082e-02
6.648865130026995751e-02
7.050952770506323242e-02
6.377892248451734469e-02
4.737538149592763342e-02
2.384007406635171161e-02
-3.218358429176207750e-03
-2.967822214395731545e-02
-5.153319401634395142e-02
-6.549894988571682009e-02
-6.950612709699306724e-02
-6.300566160389692305e-02
-4.704161600181726993e-02
-2.408216569413373920e-02
2.363871616956703201e-03
2.828524624591324810e-02
4.977850729049362877e-02
6.363727346200445667e-02
6.783146030841517848e-02
6.180478774657512109e-02
4.654700974418337495e-02
2.443174223154229857e-02
-1.153639033227079648e-03
-2.632824611506109566e-02
-4.730805926838486247e-02
-6.097650228225215407e-02
-6.534903616187671960e-02
-5.986243766384066051e-02
-4.544655775024240840e-02
-2.436964807144519768e-02
1.172361446851642540e-04
2.428109311194089417e-02
4.447596520127868741e-02
5.769330310298233927e-02
6.201057481104454983e-02
5.687119982842690075e-02
4.315506132872281436e-02
2.303094096749159700e-02
-3.846728683223606484e-04
-2.350886628425556679e-02
-4.283943837954217598e-02
-5.548441124670322466e-02
-5.959389698243453687e-02
-5.462987060346850138e-02
-4.143458733038743458e-02
-2.208926083003629609e-02
4.135321051479437754e-04
2.263226282803008915e-02
4.120231250543388013e-02
5.334501038524507022e-02
5.728290542427527665e-02
5.249927729052637077e-02
3.980409007174234154e-02
2.119829532223644133e-02
-4.409882912831847605e-04
-2.180497882647584179e-02
-3.965880112681069436e-02
-5.133092645503539719e-02
-5.511248501862200250e-02
-5.050683404796046244e-02
-3.829303152230070784e-02
-2.039540499777460839e-02
4.191426227072531725e-04
2.096855189292111052e-02
3.814177320842433022e-02
4.936945700335840237e-02
5.300800417346952786e-02
4.857962123286448108e-02
3.683341429238427833e-02
1.962000345000021809e-02
-3.995436008750609500e-04
-2.016475123200249867e-02
-3.668331073392670783e-02
-4.748380306045679733e-02
-5.098512092300106630e-02
-4.672742404360421403e-02
-3.543097462704757061e-02
-1.887559731352935616e-02
3.792449514298608295e-04
1.938980756491360050e-02
3.527784007959600815e-02
4.566610173070832779e-02
4.903376406735550364e-02
4.493862691498242551e-02
3.407374810952201044e-02
1.815148341333017515e-02
-3.658423054254695953e-04
-1.864635616151828074e-02
-3.392144527275258586e-02
-4.390485854524156517e-02
-4.713470314507632597e-02
-4.318721180017264655e-02
-3.273107047036210443e-02
-1.741554661692330114e-02
3.890919488388654341e-04
1.795813749141949786e-02
3.262941018192980908e-02
4.220692419663125972e-02
4.529010343439052871e-02
4.147922751137619879e-02
3.142698373353997737e-02
1.672960263538716963e-02
-3.245421927842066052e-04
-1.710950577229858674e-02
-3.106481175966962008e-02
-4.008530062432918289e-02
-4.283856990332987613e-02
-3.896223337014835530e-02
-2.911184416106264716e-02
-1.485319711291890367e-02
1.583617640455348965e-03
1.765011199697280250e-02
3.087194863390319358e-02
3.922799139581154004e-02
4.145806509192943162e-02
3.725279613658107059e-02
2.729700404580080730e-02
1.316052025149713235e-02
-2.946336807792779202e-03
-1.851481775368750762e-02
-3.112479461379368331e-02
-3.881751020665510921e-02
-4.039697972219079281e-02
-3.561399429292004537e-02
-2.520461273364348401e-02
-1.077726143322813544e-02
5.434286801728877708e-03
2.091429341303456882e-02
3.325227259936346796e-02
4.051471416068368886e-02
4.154422496917814511e-02
3.614016464901936843e-02
2.509289401956678670e-02
1.006597508112688430e-02
-6.656045571705692526e-03
-2.251603197859608843e-02
-3.507574854487542637e-02
-4.239053518993993186e-02
-4.330965838372266563e-02
-3.765605960496853921e-02
-2.625756440532176980e-02
-1.082427797276746054e-02
6.309593352432078806e-03
2.254039789741011865e-02
3.539215445149385131e-02
4.289547777379055377e-02
4.389027868699595797e-02
3.820558981576929747e-02
2.668859563730639067e-02
1.107802381602595969e-02
-6.259154741647452933e-03
-2.268772179085494153e-02
-3.570605678348952317e-02
-4.332834450053005271e-02
-4.438852411476482129e-02
-3.871939135815787719e-02
-2.717923888044596406e-02
-1.152171206582280200e-02
5.871351829472635890e-03
2.235328756246728749e-02
3.541659410697160087e-02
4.307572151863381382e-02
4.416999199123598091e-02
3.854029122504720045e-02
2.705256563255378083e-02
1.146457258958099266e-02
-5.843637945636068198e-03
-2.223404184776113859e-02
-3.521381650347990555e-02
-4.281563270111727465e-02
-4.389687251321790912e-02
-3.831206609527068596e-02
-2.693240026903954282e-02
-1.150971876970203339e-02
5.593702117532265046e-03
2.176785484378988139e-02
3.455434547176765292e-02
4.202109855165423596e-02
4.305517279163142280e-02
3.752916109506891640e-02
2.631622371421434708e-02
1.115215451118299270e-02
-5.633718539348344864e-03
-2.147701044150737010e-02
-3.397082809105306245e-02
-4.123217483036804160e-02
-4.218631753894025449e-02
-3.672607396428657911e-02
-2.572238698605223278e-02
-1.088544786060220183e-02
5.501477472414115916e-03
2.093400582741776483e-02
3.307002562170906212e-02
4.008572587677875637e-02
4.095006852382284540e-02
3.557636400854842507e-02
2.482866283409568275e-02
1.038304492727768272e-02
-5.533897778558611105e-03
-2.048855877140350404e-02
-3.221276005757010147e-02
-3.894807069954530493e-02
-3.970967832864407548e-02
-3.443019973961483626e-02
-2.396248819934995375e-02
-9.942176676767456797e-03
5.467936024614401293e-03
1.991173011366382042e-02
3.120027312558030369e-02
3.764377531084654727e-02
3.830464087700011233e-02
3.313373634305984139e-02
2.297011583926225273e-02
9.405435847878484620e-03
-5.465099534997890779e-03
-1.936633013438088941e-02
-3.019130069604845923e-02
-3.632072180230487557e-02
-3.686530948930379081e-02
-3.179472849670372109e-02
-2.193444001518089423e-02
-8.832076942633063088e-03
5.485150705820302647e-03
1.882413941984581451e-02
2.916222332083963711e-02
3.495460901704617457e-02
3.536626346665415477e-02
3.039346346742282864e-02
2.085725868196081079e-02
8.270799732107892224e-03
-5.398282520074094808e-03
-1.803338142950052653e-02
-2.769514773848595970e-02
-3.291842421713117584e-02
-3.293458220935040898e-02
-2.778560501846077599e-02
-1.831300711053357455e-02
-6.023817056692921078e-03
7.145394375211177457e-03
1.912987808222390423e-02
2.805702489941871644e-02
3.253638426342442963e-02
3.187484497793000721e-02
2.618392862124429080e-02
1.636272110321189063e-02
3.958951565741504475e-03
-9.070671984404045027e-03
-2.066416125869884740e-02
-2.897538392902854198e-02
-3.266326997876416172e-02
-3.110438789810484467e-02
-2.449564955113815376e-02
-1.383057234090945796e-02
-7.517899636216613009e-04
1.269853494175211296e-02
2.439285388208075125e-02
3.244920580387165854e-02
3.552824172444311174e-02
3.305006689345362653e-02
2.529632889241430205e-02
1.338031754003913415e-02
-9.121368265564159996e-04
-1.538850720050018508e-02
-2.778278986272520595e-02
-3.610586989809124597e-02
-3.895947696001107047e-02
-3.576471711978564116e-02
-2.686848712091690142e-02
-1.350924339392456201e-02
2.355206594622785352e-03
1.833410066266940447e-02
3.196255119834371522e-02
4.107918401129203451e-02
4.416497139490260099e-02
4.059046110008858455e-02
3.073171107784452086e-02
1.593452561996469910e-02
-1.670507129066194692e-03
-1.947675184630490164e-02
-3.478924834074474670e-02
-4.523368945925950596e-02
-4.912454730422520510e-02
-4.573529612105553532e-02
-3.542758785478834077e-02
-1.961704311666003300e-02
-5.779231431674248989e-04
1.888628930675872314e-02
3.585839865086153794e-02
4.774720827270305390e-02
5.268489094147282836e-02
4.982086308470136393e-02
3.946578569404227133e-02
2.306151294144175024e-02
2.979136649864890917e-03
-1.782648557050948296e-02
-3.625511557804249330e-02
-4.952704810619684705e-02
-5.560604344777383273e-02
-5.351434645908120097e-02
-4.349083833781876296e-02
-2.696675626631134942e-02
-6.360814298641695799e-03
1.527688889225780298e-02
3.471947971008141481e-02
4.904822871313793686e-02
5.609442338653797960e-02
5.477083109143032064e-02
4.524169397114099350e-02
2.890444377480309857e-02
8.184850384242969498e-03
-1.382424999515381031e-02
-3.382662410035309347e-02
-4.881885874380766793e-02
-5.654397527788312255e-02
-5.583354460853052342e-02
-4.678615348433649151e-02
-3.075469887336801031e-02
-1.014399878145264174e-02
1.195092718140529364e-02
3.221133709617906432e-02
4.759541646212859384e-02
5.579724400159796760e-02
5.559449330829135949e-02
4.703214578424447234e-02
3.141442306450902000e-02
1.110625671185305925e-02
-1.082549665643329009e-02
-3.107643901658010271e-02
-4.660407127383294629e-02
-5.508664620378721233e-02
-5.527192002180474767e-02
-4.716313641044368732e-02
-3.201448823339606009e-02
-1.213728997872064348e-02
9.453170968700961782e-03
2.949605090362103846e-02
4.497878318926654823e-02
5.359130276981757812e-02
5.407198388360727470e-02
4.639334312853023168e-02
3.176003993687410987e-02
1.242033713602944817e-02
-8.679471914401680477e-03
-2.834444117275383354e-02
-4.361551106365296748e-02
-5.221563756826579084e-02
-5.289008191182732743e-02
-4.558986478173553125e-02
-3.147152104184737509e-02
-1.271431710465502699e-02
7.816221182454978142e-03
2.700648501423685496e-02
4.196759152216724548e-02
5.047092766823590981e-02
5.128063750060132819e-02
4.433340517803113778e-02
3.073941310758289761e-02
1.260557800325115899e-02
-7.290874852581429207e-03
-2.592790868905878524e-02
-4.049799168852526859e-02
-4.883136498871464698e-02
-4.971940835145948617e-02
-4.308985687022187649e-02
-3.000848794870774466e-02
-1.250843048968939934e-02
6.725645786364655397e-03
2.476942821912037421e-02
3.890375015505458112e-02
4.702457619855866799e-02
4.795633158081705899e-02
4.162191180446370153e-02
2.904481755502928697e-02
1.218454667448871584e-02
-6.368375062691555843e-03
-2.379030602672449132e-02
-3.745421667945922350e-02
-4.532582647431591949e-02
-4.626641147630148471e-02
-4.019721561056358722e-02
-2.810178120421553613e-02
-1.186729761735327154e-02
6.009532687878819598e-03
2.280630673565271424e-02
3.598943412404878583e-02
4.359624776449158579e-02
4.452709328258930288e-02
3.870394773815178519e-02
2.707274705906240544e-02
1.145051429192108991e-02
-5.758105813285199943e-03
-2.193073734050794699e-02
-3.462672113442911287e-02
-4.195528692411341215e-02
-4.285692596770931950e-02
-3.725612592626795921e-02
-2.606352015720230994e-02
-1.102853707712420257e-02
5.533701578144796171e-03
2.109864798282263046e-02
3.331697095250910762e-02
4.036898714230194307e-02
4.123543252789959451e-02
3.584431775014677857e-02
2.507278147720914258e-02
1.060505281623511965e-02
-5.330568279128644615e-03
-2.030468828446259019e-02
-3.205699437818236575e-02
-3.883724538712884228e-02
-3.966566904903901652e-02
-3.447406836884021886e-02
-2.410738597686099341e-02
-1.018683066765414987e-02
5.143346800672414683e-03
1.954592919306460605e-02
3.084687380841295498e-02
3.736326597950605233e-02
3.815365461923606732e-02
3.315357870163975623e-02
2.317684145097280782e-02
9.783640426943473328e-03
-4.963152207721216284e-03
-1.881552837525629282e-02
-2.968285836434437705e-02
-3.594721786880289427e-02
-3.670399417768401007e-02
-3.189203216903165050e-02
-2.229467295143748237e-02
-9.412795668122997741e-03
4.769641084584578736e-03
1.809097178488728794e-02
2.854113332673504158e-02
3.456477231188363752e-02
3.529247121896661454e-02
3.066576012872978402e-02
2.143801720074382799e-02
9.052344855580299679e-03
-4.583858293517863343e-03
-1.739245367581318188e-02
-2.744109462760525517e-02
-3.323454535460994286e-02
-3.393689641264395485e-02
-2.949169467001989259e-02
-2.062280258226827784e-02
-8.717039950085546038e-03
4.392441606512221923e-03
1.670824841354118934e-02
2.637291458129990829e-02
3.194885704992793396e-02
3.263195233387929800e-02
2.836704593458220722e-02
1.984887505103250654e-02
8.409410153437560376e-03
-4.190188618020606985e-03
-1.603054112981262477e-02
-2.532627358952301705e-02
-3.069503656641226624e-02
-3.136281809610440285e-02
-2.727510158072186594e-02
-1.909797522914600393e-02
-8.110122888292678120e-03
3.996864522129335573e-03
1.537871107666892272e-02
2.431920674192734541e-02
2.948877285522926925e-02
3.014192298674365708e-02
2.622434181100059478e-02
1.837426966015994964e-02
7.819032893653727473e-03
-3.816574295767336932e-03
-1.476018274215472846e-02
-2.336161397937350920e-02
-2.834148274768771500e-02
-2.898122056713813011e-02
-2.522634514188705143e-02
-1.768819944899372928e-02
-7.544893360777443943e-03
3.642567610057096620e-03
1.417030506096886473e-02
2.245086603943078490e-02
2.725236610112938274e-02
2.788148715701970967e-02
2.428318900857147702e-02
1.704285958436256923e-02
7.291537365757811036e-03
-3.470507200098442869e-03
-1.360433668168615703e-02
-2.158163550877664413e-02
-2.621482980414120353e-02
-2.683341323328637326e-02
-2.338033537183518626e-02
-1.641467272015030218e-02
-7.021110246811897854e-03
3.359144768218971615e-03
1.314964518489037185e-02
2.087818949490830717e-02
2.539812258068254586e-02
2.605817763541152729e-02
2.279571041826487440e-02
1.614004262726521921e-02
7.126359075475072885e-03
-2.865862581074998718e-03
-1.232461236945589338e-02
-1.983471531183602851e-02
-2.428994726725381900e-02
-2.505602158494801834e-02
-2.206035318540127549e-02
-1.579590036979990064e-02
-7.239566368901067910e-03
2.301388677595791674e-03
1.139070763674213810e-02
1.868112777629683807e-02
2.311574481388614308e-02
2.408244346656933724e-02
2.149864012225958382e-02
1.581453715098871809e-02
7.935666290140398760e-03
-9.221754684999180184e-04
-9.422328842006975208e-03
-1.631133019375220067e-02
-2.060618611061338853e-02
-2.173659934572426053e-02
-1.962123701803560050e-02
-1.466764993101878599e-02
-7.697535094042852639e-03
1.894797821981384744e-04
7.791084354901852034e-03
1.398852396544202938e-02
1.791465936310786961e-02
1.907809660527107903e-02
1.742517818656980078e-02
1.333187528453533451e-02
7.528883243993529477e-03
9.738146063690123313e-04
-5.307517292232308108e-03
-1.038442681292453193e-02
-1.356293157638639897e-02
-1.448347673517870124e-02
-1.316055562677214026e-02
-9.959870927726953427e-03
-5.519148469606923423e-03
-6.280240264930158191e-04
3.911200617365098373e-03
7.417614416478444939e-03
9.437857207918122840e-03
9.807273233221123002e-03
8.657315806249302192e-03
6.370137832778281772e-03
3.490722878061406059e-03
6.141552156258760047e-04
-1.730269773913462386e-03
-3.176301901249711877e-03
-3.581632214004045345e-03
-3.041812865223172263e-03
-1.855720905319955226e-03
-4.502535637267463409e-04
7.202252114046866268e-04
1.279119782010113785e-03
1.016050795611580636e-03
-5.998398510217371445e-05
-1.714522042923825309e-03
-3.531113541514830159e-03
-4.997033768294626387e-03
-5.615219945297410080e-03
-5.020522706023687783e-03
-3.076525333485985447e-03
6.813016135545006506e-05
3.978127302327877715e-03
7.988858776175139509e-03
1.131581180825756532e-02
1.319840613604160960e-02
1.305299022995923611e-02
1.060630858457251718e-02
5.982319671754894597e-03
-2.778661358632352526e-04
-7.272025264668717168e-03
-1.386465591173757783e-02
-1.886887610058548756e-02
-2.125354375843235832e-02
-2.034031640547855416e-02
-1.595471704815609043e-02
-8.500903799918021336e-03
1.058694133645975794e-03
1.132222072507798293e-02
2.065207783791597404e-02
2.743427523066032173e-02
3.035266384888539101e-02
2.863189096313382281e-02
2.220574563457429484e-02
1.177767677068619970e-02
-1.243642180117428666e-03
-1.493054666447425800e-02
-2.712037451466335278e-02
-3.575554255066359932e-02
-3.922650926476230204e-02
-3.666098023962746644e-02
-2.810871388150595895e-02
-1.458589544100492158e-02
2.035745246332265612e-03
1.928487305327500692e-02
3.445697584318643814e-02
4.503708802539049816e-02
4.911285854863669392e-02
4.571060218687579557e-02
3.499641771229210219e-02
1.830373028709615657e-02
-2.024853927219509575e-03
-2.296414018197980023e-02
-4.125622119120252174e-02
-5.391675492712842688e-02
-5.871912062917148539e-02
-5.457830058460930167e-02
-4.176932777287133830e-02
-2.193891206506616912e-02
2.099612589412644392e-03
2.676357444124487575e-02
4.823470774594231653e-02
6.304986859381407627e-02
6.865743009460942292e-02
6.385031027212716148e-02
4.900290565333349779e-02
2.606789990121902503e-02
-1.674608831037116465e-03
-3.008447604968489050e-02
-5.477899992976615479e-02
-7.180850235541974547e-02
-7.828600776916533333e-02
-7.287094110951965187e-02
-5.602658153750137565e-02
-3.000402687637675550e-02
1.453150421827894287e-03
3.364570843959299035e-02
6.162020182871625479e-02
8.093062310566374873e-02
8.834334517664851893e-02
8.237362226008790311e-02
6.356538478775859702e-02
3.446370074006156053e-02
-7.244467543126517379e-04
-3.673668494157815434e-02
-6.804191000420625746e-02
-8.968943860005205992e-02
-9.809031327327008554e-02
-9.160776804103680504e-02
-7.086026490467675631e-02
-3.868280670941768445e-02
2.559366910729007384e-04
4.012975951771576011e-02
7.482656650962404843e-02
9.888503971018733352e-02
1.083528212436526139e-01
1.014315894156232745e-01
7.880428089199828512e-02
4.358651011643246975e-02
9.012362380675640640e-04
-4.286581874069032155e-02
-8.102192891639724281e-02
-1.075913110850707649e-01
-1.182505470624097693e-01
-1.110290681808669133e-01
-8.666161037181170645e-02
-4.853106288197318874e-02
-2.202230721641002496e-03
4.538978120802804328e-02
8.697834800964825142e-02
1.160756249673732116e-01
1.279845303115758615e-01
1.205546085310944815e-01
9.456047180145157882e-02
5.363739154064069842e-02
3.775912525084288308e-03
-4.755475033302782734e-02
-9.252637636402519239e-02
-1.241463639064367547e-01
-1.373449173123797717e-01
-1.297858613119163007e-01
-1.022716501299183317e-01
-5.867349708125413343e-02
-5.389436952645567519e-03
4.959423869247889249e-02
9.790052597086743025e-02
1.320386799762369723e-01
1.465657843466161292e-01
1.389527236891308914e-01
1.100172426213871235e-01
6.385087984426274232e-02
7.243040751201646095e-03
-5.131697672424308937e-02
-1.029133803668259711e-01
-1.395617690916477749e-01
-1.554445746272528073e-01
-1.478328979818652467e-01
-1.175490079204278282e-01
-6.889194470317136498e-02
-9.029845171094437115e-03
5.305542840537594285e-02
1.079160887658235923e-01
1.470764393011254056e-01
1.643421611742241495e-01
1.567787118529465340e-01
1.252045259290250068e-01
7.411689423579040370e-02
1.105419096155602250e-02
-5.451558705737838406e-02
-1.126161734869404185e-01
-1.542809499545350904e-01
-1.729365973009556190e-01
-1.654389736467077321e-01
-1.325980607814975509e-01
-7.910501004328458763e-02
-1.286478745322789871e-02
5.617115444027365873e-02
1.174998641544888200e-01
1.616649771307012151e-01
1.817148335163498163e-01
1.742956069481156611e-01
1.402078016281586292e-01
8.433448976743983250e-02
1.494422595778304060e-02
-5.753220721747388799e-02
-1.220700276061392059e-01
-1.687279688765906394e-01
-1.901798327835690361e-01
-1.828639228609630907e-01
-1.475700166616391029e-01
-8.936760241950544859e-02
-1.687894131335648459e-02
5.899897492743565175e-02
1.267339784707159633e-01
1.759129604383421475e-01
1.988435154506901226e-01
1.917561116817306510e-01
1.554189474084056166e-01
9.506569573943554619e-02
1.964037321586741339e-02
-5.953152159449229958e-02
-1.304475257584103154e-01
-1.822513037174162687e-01
-2.068967579093842213e-01
-2.003974402456541737e-01
-1.634670640468527392e-01
-1.014486002038665485e-01
-2.353741892804161323e-02
5.858815557216668496e-02
1.325240069516361863e-01
1.870195888400913720e-01
2.136937217596379113e-01
2.083242230268982365e-01
1.715125105095146041e-01
1.086187165893685858e-01
2.897343570355606288e-02
-5.551714037601958307e-02
-1.321630030109671450e-01
-1.894080831533388742e-01
-2.185825071844080536e-01
-2.152223468509821269e-01
-1.797552256537295889e-01
-1.174461528220587109e-01
-3.761033623426091044e-02
4.778859389816594166e-02
1.259427682056309117e-01
1.851330802207876991e-01
2.164976684240009497e-01
2.153675904024810461e-01
1.819672820861268914e-01
1.213739987183368313e-01
4.274326198621619666e-02
-4.208100396890499667e-02
-1.203597156166319182e-01
-1.803824940711561409e-01
-2.132302788362837320e-01
-2.141100205608602314e-01
-1.830605725937221318e-01
-1.249252282787078616e-01
-4.859799690514558096e-02
3.433907443817520166e-02
1.113782695395526962e-01
1.709793294084872017e-01
2.043058464878320379e-01
2.065427437739759675e-01
1.775976398930051159e-01
1.220834197183012226e-01
4.858899899600598732e-02
-3.164673246086475294e-02
-1.064529596603520367e-01
-1.645740120110139038e-01
-1.973646259654205648e-01
-2.000775725794317061e-01
-1.725515064625928185e-01
-1.191992117624448427e-01
-4.830331266041234389e-02
2.926846299488313624e-02
1.017292398928754532e-01
1.581646818590482229e-01
1.901778588382364299e-01
1.931392006456570942e-01
1.668553790631376044e-01
1.155605931427499261e-01
4.723723949973193670e-02
-2.762536075511904526e-02
-9.764117962146333374e-02
-1.522594406394080224e-01
-1.833548036370200585e-01
-1.864360212248311333e-01
-1.612932991828350260e-01
-1.119912865421507919e-01
-4.621464481709166433e-02
2.592876987909312203e-02
9.346082830377802630e-02
1.462036067853379195e-01
1.763132371099962459e-01
1.794459999822353158e-01
1.553834107412649379e-01
1.080266088127320029e-01
4.476678726252798085e-02
-2.466707768074227758e-02
-8.970371734972064359e-02
-1.405385020897195192e-01
-1.696109901177108581e-01
-1.727285079642987831e-01
-1.496689174125182265e-01
-1.041762174955277315e-01
-4.335546391446708919e-02
2.343558942389791996e-02
8.602541321504446337e-02
1.349770449644709935e-01
1.630102512016647631e-01
1.660832965405293626e-01
1.439737440778604827e-01
1.002751446033393196e-01
4.181576226815800212e-02
-2.240700618192307744e-02
-8.261041855827321034e-02
-1.297157064891365508e-01
-1.567163064191603172e-01
-1.597189176836416313e-01
-1.385028751206864861e-01
-9.651779831788036279e-02
-4.032534048926759984e-02
2.142499999491619123e-02
7.932633223082825868e-02
1.246465766952888771e-01
1.506444893007849173e-01
1.535712995844267514e-01
1.332093102667689100e-01
9.287039027756294196e-02
3.885985899251184761e-02
-2.050781428276695142e-02
-7.618802681437898683e-02
-1.197831614405782952e-01
-1.448082509741039636e-01
-1.476545637400399347e-01
-1.281081095503684708e-01
-8.934886402617538137e-02
-3.743589139752512979e-02
1.963861139787922289e-02
7.317884558401212269e-02
1.151095042629935034e-01
1.391929342732874109e-01
1.419560383604016318e-01
1.231893402349728966e-01
8.594678923278746552e-02
3.605121294633128332e-02
-1.881484290991397579e-02
-7.029111941404590780e-02
-1.106127710558938437e-01
-1.337808622815730986e-01
-1.364539209043261203e-01
-1.184281924496392441e-01
-8.263783172416282186e-02
-3.467967890768738903e-02
1.806075752602392601e-02
6.754582741256058565e-02
1.063100369570065679e-01
1.285857700165238537e-01
1.311608231428479932e-01
1.138404211079674794e-01
7.944752915012326389e-02
3.336585133170300033e-02
-1.730085467982306335e-02
-6.482209164716683236e-02
-1.020184984409790163e-01
-1.233449992631307640e-01
-1.257159831957078977e-01
-1.089499439248734491e-01
-7.576980281770706593e-02
-3.136300084862390924e-02
1.742781357877605519e-02
6.315735566592749206e-02
9.891182930480978130e-02
1.193520314495338519e-01
1.215082346789765760e-01
1.052087667446695851e-01
7.308077299174588204e-02
3.012700241166294673e-02
-1.705337587356284962e-02
-6.127862684539832350e-02
-9.587724100202016375e-02
-1.156934717756746139e-01
-1.178541899576175389e-01
-1.021831522456190938e-01
-7.120324964194589545e-02
-2.973022130725072945e-02
1.587687089700090190e-02
5.869174712379762737e-02
9.227375025690057186e-02
1.116373721283397680e-01
1.139925125220437874e-01
9.914560132339161891e-02
6.950410288966081540e-02
2.968749790022589749e-02
-1.419260500275511781e-02
-5.547111758290176192e-02
-8.794277891774793243e-02
-1.067960268038805061e-01
-1.093268313137582409e-01
-9.532660524324221285e-02
-6.708870321661475344e-02
-2.903627474700887570e-02
1.296850879150541862e-02
5.252614800907338954e-02
8.367383745062170752e-02
1.017836560570709731e-01
1.042497132619740058e-01
9.086229190773829900e-02
6.381540882312744523e-02
2.735026879322035795e-02
-1.290778024759146186e-02
-5.081534238989916796e-02
-8.064693801282270258e-02
-9.795836580402596250e-02
-1.002474037036446275e-01
-8.731375824461834467e-02
-6.126668224021091652e-02
-2.618259087235619634e-02
1.253200786121311423e-02
4.897289081298616953e-02
7.763779081678398586e-02
9.425637218337065693e-02
9.642544114175426173e-02
8.395504728793765081e-02
5.887584173634344276e-02
2.510987346560898323e-02
-1.214202718255836047e-02
-4.720071090281069415e-02
-7.477391957762717645e-02
-9.075452193009569957e-02
-9.283147581971022688e-02
-8.082275135641495134e-02
-5.668245865573416642e-02
-2.418424714581769372e-02
1.166794197095195711e-02
4.540986349413047435e-02
7.194929705516708851e-02
8.733401766499242214e-02
8.933967363744739487e-02
7.779024268865626646e-02
5.456507860936885695e-02
2.329449197313892758e-02
-1.120701826591272848e-02
-4.368150978410418467e-02
-6.922843252399095426e-02
-8.404366503461667415e-02
-8.598537303160661005e-02
-7.488260531295427846e-02
-5.254235014039747992e-02
-2.245686661100885356e-02
1.074152239670427000e-02
4.199317001559282891e-02
6.658179191345725556e-02
8.084578818958733371e-02
8.272300308011917847e-02
7.204795060555366226e-02
5.055880641004537046e-02
2.161585917616703004e-02
-1.032318133544365274e-02
-4.038920676900889517e-02
-6.404358303758711513e-02
-7.776291722972698828e-02
-7.956346976143445493e-02
-6.928723099669294172e-02
-4.860853586602410098e-02
-2.076280943954833882e-02
9.958876921377651445e-03
3.887064820754154715e-02
6.160642815299215841e-02
7.477943707841588905e-02
7.648705964943046387e-02
6.658587481163695532e-02
4.669716529744413758e-02
1.994444811527082070e-02
-9.534819426289265973e-03
-3.722728541968488292e-02
-5.893334569182102911e-02
-7.140324270811967966e-02
-7.282342412666689691e-02
-6.308045384946601997e-02
-4.376415347790344607e-02
-1.791151283869815355e-02
1.046773652123661122e-02
3.701011190795525790e-02
5.766672186946422002e-02
6.931894115834308367e-02
7.024805965349457948e-02
6.038834708812487045e-02
4.132643652303431836e-02
1.604866365572805292e-02
-1.152370680906350357e-02
-3.713935068043318355e-02
-5.686890904464556029e-02
-6.770453643387823461e-02
-6.801583093042530559e-02
-5.779331872708323020e-02
-3.864335813727864943e-02
-1.353630109456444020e-02
1.365272585143307432e-02
3.873955031790925901e-02
5.787181315215492866e-02
6.811710540135532121e-02
6.790888687384788458e-02
5.728264052484997176e-02
3.786682450869069405e-02
1.263071481112174911e-02
-1.457163828200202030e-02
-3.959127149628013931e-02
-5.861773132620697740e-02
-6.875936948740916932e-02
-6.848220289068988886e-02
-5.784078885761909788e-02
-3.846649636342618084e-02
-1.331564851840506998e-02
1.378345555839347036e-02
3.871510315143373432e-02
5.770290082067712489e-02
6.788311291791680746e-02
6.773746061714694400e-02
5.731986787219406354e-02
3.824331339683648134e-02
1.342964454177182458e-02
-1.333881668449699368e-02
-3.799696387249436313e-02
-5.681545010058000611e-02
-6.696583910609181511e-02
-6.694662018498455380e-02
-5.680577559071990634e-02
-3.812682438792114326e-02
-1.378147446275814793e-02
1.251247475922934171e-02
3.675982422940867606e-02
5.529612553659608160e-02
6.534261057578724663e-02
6.542367146825557589e-02
5.558397967200683770e-02
3.737333499706684686e-02
1.360286176423737038e-02
-1.208913816284887949e-02
-3.579457248648781897e-02
-5.393071243477644272e-02
-6.378234641070437694e-02
-6.390874622931187743e-02
-5.435439320268704855e-02
-3.663264716386895742e-02
-1.348628732056794677e-02
1.153719399224992399e-02
3.462973320917277914e-02
5.230274726871353419e-02
6.191463698901115975e-02
6.206589815742098032e-02
5.280270538923141632e-02
3.559940517470329413e-02
1.312420110298941935e-02
-1.117476041032248318e-02
-3.359865658238108538e-02
-5.076131706298678964e-02
-6.010074270974934130e-02
-6.026149847993734349e-02
-5.129095146246925863e-02
-3.462104288164812027e-02
-1.284004549743186264e-02
1.070935102755604662e-02
3.244319707826564397e-02
4.908186758669930150e-02
5.814498925837775778e-02
5.832103785859227285e-02
4.965657178414425305e-02
3.353788382645366689e-02
1.246961922168662688e-02
-1.031432714445700526e-02
-3.134719824439086144e-02
-4.745685390489079447e-02
-5.624410206913629112e-02
-5.643978237456946656e-02
-4.808749426332263599e-02
-3.252575261224169983e-02
-1.217402199521267110e-02
9.843228457111146551e-03
3.017607395781855481e-02
4.575872012224788121e-02
5.427163097022207061e-02
5.448656715243543891e-02
4.644328494305878519e-02
3.143259079692251740e-02
1.178995690449808308e-02
-9.467421052103745099e-03
-2.910376779591662341e-02
-4.415702799347710761e-02
-5.238548237450024042e-02
-5.260140437548746495e-02
-4.484215572293943214e-02
-3.035414297908942821e-02
-1.139360578815660184e-02
9.124078687278274966e-03
2.807219775553943669e-02
4.258895732977491244e-02
5.050978052033634064e-02
5.069046089280340728e-02
4.317297438133416154e-02
2.916997134237977324e-02
1.087163199516475234e-02
-8.894600226960499775e-03
-2.709880344362689680e-02
-4.097127299548241480e-02
-4.842271261428116036e-02
-4.835838173564944303e-02
-4.083912688867714219e-02
-2.706566799345353977e-02
-9.189376965513555359e-03
1.002090476853793356e-02
2.760476262573860820e-02
4.086367912705139716e-02
4.777295473124956032e-02
4.728959480113496122e-02
3.950963264478128678e-02
2.565123250207651182e-02
7.866395204030873778e-03
-1.108991090450157750e-02
-2.828270507236202089e-02
-4.104759618295376888e-02
-4.740039939079249143e-02
-4.634322254279479858e-02
-3.802011424555974684e-02
-2.369815782284844657e-02
-5.576385998670489730e-03
1.354885741169462206e-02
3.071157681931239308e-02
4.323201948133604394e-02
4.913126634953184080e-02
4.744074370585935757e-02
3.835875775221399275e-02
2.322923142844820696e-02
4.344453958146666031e-03
-1.539952493585349143e-02
-3.294342476130665553e-02
-4.553467280717262561e-02
-5.115505526528116298e-02
-4.884018039735280037e-02
-3.884068176363955627e-02
-2.259868696473041685e-02
-2.541037915705419807e-03
1.828130148959110357e-02
3.665446115348502953e-02
4.969412086556335845e-02
5.529407078143076110e-02
5.246167739144504127e-02
4.148743233283843507e-02
2.392027801226482078e-02
2.349559530669237915e-03
-1.997589853030678347e-02
-3.963560253816535844e-02
-5.355901887299161640e-02
-5.950173127622266495e-02
-5.640267239125065085e-02
-4.456602170301571242e-02
-2.563722576343686888e-02
-2.373694467079225968e-03
2.175785240361801515e-02
4.309849377603038045e-02
5.835139841641065472e-02
6.508924045893259291e-02
6.213672035522432163e-02
4.976809070913169875e-02
2.968702924546194957e-02
4.789071974975234007e-03
-2.126019117856781798e-02
-4.456956171777010783e-02
-6.160796500548702814e-02
-6.974278108577630642e-02
-6.764846528149688620e-02
-5.552185807977802479e-02
-3.506929281839543666e-02
-9.265082034501690572e-03
1.808426756993685575e-02
4.290594793437026849e-02
6.147225925225987403e-02
7.096509868367573137e-02
6.990750707863631341e-02
5.839577400499940119e-02
3.809532468487442786e-02
1.199938196421239389e-02
-1.601434949245728045e-02
-4.176295656344031215e-02
-6.138662737015735532e-02
-7.193097980942117498e-02
-7.179505766118543519e-02
-6.097664058513035945e-02
-4.107693318077634825e-02
-1.506323133698725045e-02
1.317514418465510172e-02
3.941092407299926631e-02
5.971486386956575271e-02
7.104748722875521560e-02
7.171698007878052339e-02
6.163386852416088274e-02
4.232395389743509595e-02
1.669756598015399024e-02
-1.138993210568235714e-02
-3.771984919504222517e-02
-5.834599573405789552e-02
-7.018845720284319634e-02
-7.149561613292969298e-02
-6.210482136043669193e-02
-4.346274947985422077e-02
-1.840290102052790158e-02
9.285582753234286266e-03
3.543204184977905014e-02
5.611414905959272864e-02
6.824811227946357695e-02
7.005020814203839763e-02
6.130038639378744547e-02
4.336881550618353065e-02
1.900226223745704254e-02
-8.096452072817702031e-03
-3.383151286286487092e-02
-5.433402939729857495e-02
-6.654485580982145987e-02
-6.867233185211049640e-02
-6.045629302389602527e-02
-4.319932040538850687e-02
-1.956160450338885470e-02
6.848407296557205808e-03
3.202465662002799973e-02
5.217142914277933530e-02
6.427636691133094271e-02
6.656199436588816631e-02
5.874799007557441471e-02
4.208543071216152426e-02
1.915898563221912418e-02
-6.511861153882287853e-03
-3.101120536640860834e-02
-5.062243811794411852e-02
-6.239068924224927537e-02
-6.456695077357899049e-02
-5.686721880125218676e-02
-4.050830610469158960e-02
-1.801596355784884987e-02
7.164490402698463906e-03
3.119500065859800303e-02
5.042853415748640294e-02
6.196105173897321905e-02
6.406822793694837148e-02
5.646134030801448767e-02
4.032441781291106614e-02
1.812807201129279858e-02
-6.750534353594096586e-03
-3.054300049893266672e-02
-4.966162272984878112e-02
-6.124101149021662915e-02
-6.356750809388812817e-02
-5.633200175524070985e-02
-4.066894735474858164e-02
-1.897698466821515217e-02
5.450421943549535811e-03
2.892727175175374699e-02
4.793340740130726252e-02
5.964418679009089730e-02
6.235154120536031547e-02
5.571355413946603441e-02
4.079606350160673578e-02
1.990144089791273663e-02
-3.787966167556069963e-03
-2.669639312430262604e-02
-4.539666247714389119e-02
-5.712528681923594032e-02
-6.019306619172888617e-02
-5.422997459104757223e-02
-4.022872992361545275e-02
-2.038223581977095800e-02
2.258700303899667788e-03
2.425401944415412139e-02
4.229743428727297805e-02
5.371423569475542587e-02
5.685883544702062531e-02
5.135286387484266218e-02
3.812931661664262228e-02
1.927794021831123403e-02
-2.282814943285649874e-03
-2.325593513781736010e-02
-4.046874760280923938e-02
-5.135195650654622579e-02
-5.432253090272406992e-02
-4.901338409714216249e-02
-3.631656666755214702e-02
-1.823530999822049053e-02
2.430801400492280627e-03
2.251821243001087686e-02
3.898266601070515119e-02
4.935964639948760974e-02
5.213243448592019824e-02
4.695287538502181807e-02
3.468283624413892596e-02
1.725180666890211920e-02
-2.646006131385847740e-03
-2.196761168606719064e-02
-3.778606024598897550e-02
-4.773323486329170834e-02
